0,33,46,56,68,88,105,129,153,180,201,229,261,301,335,373,409,445,487,530,594,650,710,788,874,939,1023,1115,1228,1317,1432,1545,1658,1788,1900,2046,2188,2360,2528,2687,2840,3010,3174,3341,3513,3678,3836,3992,4165,4354,4544,4737,4924,5105,5285,5456,5634,5803,5985,6154,6310,6473,6620,6778,6950,7106,7248,7372,7501,7619,7761,7881,8002,8109,8239,8348,8447,8532,8629,8715,8817,8904,8996,9067,9158,9224,9290,9357,9417,9490,9545,9605,9660,9716,9753,9796,9849,9897,9935,9987,10018,10063,10100,10136,10170,10210,10244,10280,10305,10327,10351,10373,10389,10403,10418,10434,10442,10463,10479,10493,10501,10521,10537,10544,10552,10557,10570,10579,10588,10591,10596,10600,10606,10615,10616,10621,10628,10633,10636,10640,10647,10655,10656,10658,10661,10665,10667,10670,10672,10674,10676,10677,10679,10680,10682,10684,10685,10686,10686,10687,10687,10690,10692,10692,10692,10693,10695,10696,10696,10697,10697,10697,10698,10698,10698,10699,10700,10702,10703,10704,10704,10704,10705,10705,10705,10705,10705,10705,10705,10705,10705,10705,10705,10705,10705,10705,10705,10705,10705,10705,10705,10706,10706,10706,10706,10706,10706,10706,10706,10706,10706,10706,10706,10706,10706,10706,10706,10706,10706,10706,10706,10706,10706,10706,10706,10706,10706,10706,10706,10706,10706,10706,10706,10706,10706,10706,10706,10706,10706,10706,10706,10706,10706,10706,10706,10706,10706,10706,10706,10706,10706,10706,10706,10706,10706,10706,10706,10706,
0,28,40,52,72,84,109,134,157,175,194,213,237,262,282,317,357,390,425,470,514,562,618,683,745,817,894,987,1080,1183,1286,1390,1512,1628,1781,1915,2059,2226,2389,2536,2701,2848,2997,3167,3352,3527,3688,3865,4029,4193,4372,4537,4714,4882,5058,5203,5367,5517,5674,5821,5964,6108,6248,6367,6486,6624,6752,6881,7021,7152,7279,7407,7529,7648,7754,7857,7980,8052,8136,8229,8324,8410,8494,8567,8634,8711,8788,8867,8941,9017,9077,9151,9215,9277,9337,9393,9449,9498,9535,9591,9626,9667,9702,9729,9763,9792,9821,9849,9870,9897,9918,9939,9951,9976,9994,10008,10027,10052,10068,10089,10104,10110,10119,10134,10145,10152,10166,10172,10179,10181,10185,10191,10195,10198,10203,10210,10213,10218,10221,10224,10233,10234,10238,10244,10247,10251,10253,10260,10262,10262,10264,10265,10267,10272,10272,10273,10275,10278,10279,10279,10281,10282,10283,10287,10290,10290,10290,10290,10291,10292,10293,10293,10296,10296,10296,10297,10297,10298,10298,10298,10300,10300,10301,10301,10301,10301,10301,10301,10302,10303,10303,10303,10303,10303,10303,10303,10303,10303,10303,10303,10303,10303,10303,10303,10303,10303,10303,10303,10303,10303,10303,10303,10303,10303,10303,10303,10303,10303,10303,10303,10304,10304,10304,10304,10304,10304,10304,10304,10304,10304,10304,10304,10304,10304,10304,10304,10304,10304,10304,10304,10304,10304,10305,10305,10305,10305,10305,10305,10305,10305,10305,10305,10305,10305,10305,10305,10305,10305,10305,
0,32,45,56,64,81,99,115,131,150,165,184,199,213,229,249,268,291,310,326,351,384,420,462,508,547,588,635,682,717,782,846,915,992,1060,1132,1206,1318,1422,1519,1628,1728,1851,1967,2078,2200,2319,2431,2560,2676,2814,2917,3060,3206,3333,3461,3565,3701,3838,3960,4089,4210,4341,4477,4602,4722,4853,4978,5102,5254,5382,5484,5595,5692,5808,5903,6013,6110,6215,6316,6418,6499,6569,6641,6710,6775,6849,6918,6968,7016,7075,7126,7191,7229,7272,7316,7364,7409,7446,7483,7523,7565,7598,7620,7649,7675,7698,7726,7741,7765,7784,7801,7818,7832,7851,7872,7890,7904,7911,7921,7932,7940,7951,7960,7968,7973,7978,7983,7990,7996,8002,8012,8015,8020,8024,8033,8035,8036,8041,8042,8050,8054,8056,8057,8058,8059,8062,8067,8068,8072,8073,8075,8075,8077,8080,8081,8082,8085,8086,8087,8088,8088,8089,8089,8090,8091,8091,8091,8092,8093,8093,8093,8093,8094,8096,8096,8096,8096,8096,8096,8096,8096,8096,8097,8097,8097,8097,8097,8098,8098,8098,8098,8099,8099,8100,8100,8100,8100,8103,8104,8105,8106,8106,8106,8107,8107,8107,8109,8109,8109,8110,8110,8110,8110,8110,8110,8110,8110,8110,8110,8110,8110,8110,8110,8110,8110,8110,8110,8110,8111,8111,8111,8111,8111,8111,
0,24,41,55,72,87,107,127,151,177,201,222,255,285,316,353,388,436,480,536,587,655,719,785,832,909,997,1094,1185,1289,1391,1498,1641,1770,1909,2060,2209,2362,2527,2676,2812,2988,3185,3381,3554,3736,3894,4059,4234,4421,4610,4803,4975,5164,5364,5554,5739,5902,6095,6271,6416,6584,6728,6874,7027,7194,7335,7467,7597,7731,7878,7998,8115,8240,8345,8467,8585,8682,8795,8890,8983,9074,9163,9252,9339,9406,9483,9542,9615,9682,9741,9805,9864,9925,9971,10023,10093,10158,10210,10249,10287,10317,10351,10388,10416,10455,10493,10522,10543,10573,10600,10633,10656,10673,10699,10734,10758,10777,10794,10811,10822,10838,10851,10862,10878,10889,10901,10908,10919,10934,10939,10951,10960,10970,10977,10988,10993,10997,11001,11010,11014,11022,11027,11031,11034,11038,11042,11043,11046,11049,11050,11051,11052,11054,11055,11057,11062,11062,11063,11063,11063,11064,11066,11067,11068,11068,11068,11068,11069,11072,11073,11076,11076,11076,11076,11078,11078,11079,11079,11079,11079,11079,11079,11079,11079,11079,11080,11080,11080,11080,11080,11080,11080,11080,11080,11080,11080,11080,11080,11080,11080,11081,11081,11081,11081,11081,11081,11081,11081,11081,11081,11081,11081,11081,11081,11081,11081,11081,11081,11081,11081,11081,11081,11081,11081,11081,11081,11081,11081,11081,11081,11081,11081,11081,11081,11081,11081,11081,11081,11081,11081,11081,11081,11081,11081,11081,11081,11081,11081,11081,11082,11083,11083,11083,11083,11083,11083,11083,11084,11084,11084,11084,11084,11084,11084,11084,11084,11084,11084,11084,11084,11084,11084,11084,11084,11084,11084,11084,11084,11084,11084,11084,11084,11084,11084,11084,11084,
0,35,59,84,98,110,122,140,163,187,211,237,272,311,344,378,419,461,495,553,603,652,716,782,849,943,1044,1142,1260,1360,1465,1571,1705,1816,1938,2068,2196,2324,2449,2582,2739,2894,3037,3197,3361,3530,3699,3883,4036,4187,4363,4508,4665,4808,4930,5096,5246,5366,5513,5661,5805,5939,6064,6190,6297,6411,6526,6635,6735,6842,6951,7049,7153,7234,7310,7392,7464,7533,7598,7664,7729,7795,7853,7910,7972,8019,8084,8137,8195,8245,8303,8343,8387,8427,8472,8504,8536,8554,8585,8608,8632,8656,8685,8697,8721,8744,8766,8783,8805,8825,8836,8848,8858,8879,8893,8904,8909,8919,8932,8940,8949,8954,8957,8962,8967,8973,8978,8983,8992,8999,9002,9008,9016,9020,9023,9028,9032,9035,9035,9036,9039,9041,9042,9042,9044,9045,9047,9047,9049,9049,9050,9053,9054,9055,9056,9056,9058,9058,9059,9060,9060,9060,9060,9061,9061,9061,9061,9061,9061,9061,9061,9062,9062,9062,9062,9062,9062,9062,9062,9062,9062,9063,9063,9063,9063,9063,9063,9063,9064,9064,9064,9064,9064,9064,9064,9064,9064,9064,9064,9064,9065,9066,9066,9066,9066,9066,9066,9067,9067,9067,9067,9067,9067,9067,9067,9067,9067,9067,9067,9067,9067,9067,9067,9067,9067,9067,9067,9067,9067,9067,9067,9067,9067,9067,9067,9067,9067,9067,9067,9067,9067,9067,9067,9067,9067,9067,9067,9067,9067,9067,9067,9067,9067,9067,9067,9067,9067,9067,9067,9067,9067,9067,9067,9067,9067,9067,9067,9067,9067,9067,9067,9067,9067,9067,9067,9067,9067,9067,9067,9067,9067,9067,9067,9067,9067,9067,9067,9067,9067,9067,9067,9067,9067,9067,9067,9067,9067,9067,9067,9067,9067,9067,9067,9067,9067,9067,9067,9067,9067,9067,9067,9067,9067,9067,9067,9067,9067,9067,9068,9068,9068,9068,9068,9068,9068,9068,9068,9068,9068,9068,9068,9068,9068,9068,9068,9068,9068,9068,9068,9068,9068,9068,9068,9068,9068,9068,9068,9068,9068,9068,9068,9068,9068,9068,9068,9068,9068,9068,9068,9068,9068,9068,9068,9068,9068,9068,9068,9068,9068,9068,9068,9068,9068,9068,9068,
0,26,43,57,74,86,100,122,149,182,210,245,285,320,355,395,447,499,552,630,701,785,858,932,1012,1107,1238,1342,1443,1548,1667,1783,1913,2062,2196,2370,2513,2683,2837,3022,3191,3370,3553,3726,3943,4134,4304,4475,4680,4894,5091,5279,5467,5638,5802,5969,6152,6321,6488,6676,6836,7015,7170,7335,7467,7613,7768,7890,7990,8127,8249,8354,8482,8582,8676,8769,8851,8939,9021,9103,9190,9276,9359,9413,9476,9529,9582,9637,9695,9746,9788,9849,9891,9941,9978,10018,10055,10084,10122,10158,10182,10204,10234,10255,10278,10300,10321,10339,10361,10381,10393,10411,10422,10429,10434,10448,10463,10469,10478,10483,10496,10502,10505,10511,10514,10524,10535,10541,10541,10545,10548,10556,10559,10563,10567,10571,10572,10577,10579,10584,10586,10587,10587,10592,10595,10597,10599,10601,10603,10606,10609,10611,10616,10617,10620,10620,10620,10622,10622,10624,10625,10625,10625,10626,10626,10626,10626,10627,10628,10629,10629,10629,10629,10629,10630,10630,10631,10631,10632,10632,10632,10632,10633,10634,10634,10635,10635,10635,10635,10635,10635,10635,10635,10635,10636,10636,10636,10636,10636,10636,10636,10636,10636,10636,10636,10636,10636,10636,10636,10636,10636,10636,10637,10637,10637,10637,10637,10637,10637,10637,10637,10637,10637,10637,10637,10637,10637,10637,10637,10637,10637,10637,10637,10637,10637,10637,10637,10637,10637,10637,10637,10637,10637,10637,10637,10637,10637,10637,10637,10637,10637,10637,10637,10637,10637,10637,10637,10637,10637,10637,10637,10637,10637,10637,10637,10637,10637,10637,10637,
0,34,47,67,76,95,118,137,161,193,222,260,289,329,382,427,481,553,605,671,744,813,887,971,1060,1143,1247,1359,1459,1572,1713,1837,1961,2108,2245,2423,2573,2775,2969,3156,3303,3459,3648,3852,4050,4241,4439,4639,4834,5032,5242,5440,5633,5818,5991,6199,6384,6572,6741,6896,7079,7244,7404,7549,7713,7862,8014,8147,8282,8434,8570,8713,8845,8985,9110,9226,9311,9414,9496,9587,9677,9777,9841,9906,9986,10061,10138,10195,10261,10324,10381,10419,10472,10513,10565,10598,10640,10672,10701,10719,10751,10779,10800,10820,10833,10848,10869,10887,10905,10926,10937,10948,10956,10966,10979,10989,10997,11001,11009,11020,11029,11039,11048,11056,11062,11067,11071,11075,11080,11083,11085,11092,11094,11098,11104,11107,11109,11114,11117,11118,11120,11122,11126,11130,11132,11134,11135,11135,11136,11136,11137,11139,11140,11142,11145,11147,11147,11149,11154,11154,11155,11155,11157,11158,11160,11160,11162,11162,11162,11164,11165,11165,11166,11166,11166,11168,11169,11169,11170,11170,11170,11170,11170,11170,11170,11170,11170,11171,11171,11171,11171,11171,11171,11171,11171,11171,11171,11171,11171,11171,11171,11171,11171,11171,11171,11171,11171,11171,11171,11171,11171,11171,11171,11171,11171,11171,11171,11171,11171,11171,11171,11171,11171,11171,11171,11171,11171,11171,11171,11171,11171,11171,11171,11171,11171,11171,11171,11171,11171,11171,11171,11171,11171,11171,11171,11171,11171,11171,11171,11171,11171,11171,11171,11171,11171,11171,11171,11171,11171,11171,11171,11171,11171,11171,11171,11171,11171,11171,11171,11171,11171,11171,11171,
0,32,53,71,80,98,122,136,160,183,208,225,259,301,334,359,387,419,465,514,559,601,660,712,779,859,957,1038,1135,1236,1341,1459,1557,1674,1808,1936,2070,2224,2341,2498,2660,2824,2969,3121,3319,3493,3678,3828,3992,4161,4359,4532,4699,4877,5057,5238,5386,5560,5722,5910,6073,6242,6369,6510,6653,6805,6928,7080,7235,7377,7501,7647,7766,7890,8010,8123,8245,8359,8470,8582,8680,8763,8855,8921,9006,9082,9152,9210,9282,9348,9422,9483,9550,9606,9650,9703,9758,9813,9851,9897,9938,9968,9998,10028,10054,10078,10101,10134,10155,10182,10200,10216,10238,10261,10279,10294,10311,10326,10341,10352,10370,10383,10393,10405,10422,10434,10444,10458,10477,10486,10490,10497,10503,10509,10518,10523,10527,10531,10532,10532,10534,10540,10542,10544,10549,10552,10554,10556,10557,10557,10562,10564,10564,10566,10567,10568,10569,10571,10573,10573,10573,10573,10573,10573,10573,10573,10574,10575,10575,10575,10576,10577,10578,10578,10578,10579,10579,10579,10580,10580,10580,10580,10580,10580,10580,10580,10581,10581,10582,10582,10582,10582,10583,10583,10583,10583,10583,10583,10583,10583,10583,10583,10583,10583,10583,10583,10583,10583,10583,10583,10583,10583,10583,10583,10583,10583,10583,10583,10583,10583,10583,10583,10583,10583,10583,10583,10583,10583,10583,10583,10583,10583,10583,10583,10583,
0,33,44,56,83,103,122,143,171,195,225,256,293,337,382,434,492,549,615,679,749,826,904,973,1063,1178,1293,1410,1550,1679,1812,1962,2116,2262,2416,2554,2709,2864,3027,3197,3366,3552,3711,3883,4079,4265,4419,4587,4741,4918,5090,5255,5419,5599,5789,5951,6145,6289,6435,6605,6746,6900,7036,7218,7339,7489,7615,7741,7876,8010,8145,8256,8364,8482,8585,8685,8793,8880,8980,9053,9128,9204,9273,9330,9386,9431,9494,9548,9609,9651,9683,9726,9768,9808,9848,9885,9918,9949,9982,10005,10030,10062,10077,10094,10109,10130,10150,10167,10183,10191,10209,10221,10241,10248,10260,10265,10277,10285,10291,10300,10314,10319,10325,10331,10338,10341,10348,10360,10368,10372,10380,10390,10397,10404,10407,10414,10417,10419,10420,10424,10426,10427,10429,10436,10440,10444,10447,10449,10450,10453,10454,10455,10455,10456,10459,10459,10461,10461,10465,10467,10467,10467,10468,10469,10470,10471,10472,10473,10474,10474,10475,10476,10476,10476,10478,10478,10478,10479,10479,10479,10479,10479,10479,10479,10479,10479,10479,10479,10479,10479,10479,10479,10479,10479,10480,10480,10481,10481,10481,10481,10481,10481,10481,10481,10481,10481,10481,10482,10482,10482,10482,10482,10482,10482,10482,10482,10482,10482,10483,10483,10483,10483,10483,10483,10483,10483,10483,10483,10483,10483,10483,10483,10483,10483,10483,10483,10484,10484,10484,10484,10484,10484,10484,10484,10484,10484,10484,10484,10484,10484,10484,10484,10484,10484,10484,10484,10484,10484,10484,10484,10484,10484,10484,10484,10484,10484,10484,10484,10484,10484,10484,10484,10484,
0,31,45,67,79,101,113,135,153,181,203,228,259,279,308,337,365,414,463,508,546,616,682,742,815,909,982,1048,1136,1226,1312,1408,1527,1636,1759,1874,1989,2129,2260,2379,2528,2671,2806,2956,3125,3248,3404,3564,3709,3844,4004,4151,4301,4468,4625,4799,4946,5068,5208,5352,5486,5622,5764,5885,6002,6104,6213,6296,6409,6503,6602,6711,6798,6897,6981,7074,7148,7238,7308,7375,7447,7523,7588,7647,7708,7756,7805,7857,7918,7964,8013,8045,8080,8119,8162,8196,8221,8246,8272,8293,8330,8354,8378,8404,8417,8449,8466,8485,8509,8521,8538,8549,8560,8570,8590,8604,8610,8621,8632,8639,8649,8659,8665,8671,8680,8688,8699,8706,8715,8717,8720,8724,8727,8730,8735,8738,8741,8745,8748,8748,8753,8756,8758,8759,8760,8760,8762,8763,8767,8770,8773,8774,8774,8774,8774,8776,8777,8780,8781,8782,8784,8787,8787,8788,8789,8789,8791,8793,8794,8795,8795,8798,8801,8802,8802,8802,8803,8803,8803,8803,8803,8804,8804,8804,8804,8804,8804,8805,8805,8805,8805,8805,8805,8807,8808,8808,8809,8809,8810,8810,8810,8810,8810,8810,8810,8810,8810,8810,8810,8810,8810,8810,8810,8810,8810,8810,8810,8810,8810,8810,8810,8810,8810,8810,8810,8810,8810,8810,8810,8810,8810,8810,8810,8810,8810,8810,8810,8810,8810,8810,8810,8810,8810,8810,8810,8810,8810,8810,8810,8810,8810,8810,8810,8810,8810,8810,8810,8810,8810,8810,8810,8810,8810,8810,8810,8810,8810,
0,39,53,66,78,93,109,125,145,167,187,217,236,256,286,312,334,361,398,442,485,529,578,628,698,757,824,895,965,1025,1106,1190,1274,1357,1459,1586,1688,1793,1906,2014,2136,2263,2396,2533,2673,2810,2945,3071,3200,3326,3457,3594,3720,3857,3973,4105,4240,4394,4520,4653,4786,4914,5041,5168,5294,5411,5533,5649,5773,5895,5998,6122,6227,6314,6420,6515,6602,6688,6780,6864,6947,7016,7089,7170,7254,7332,7406,7479,7549,7621,7695,7760,7820,7876,7921,7981,8028,8087,8145,8192,8228,8280,8318,8359,8391,8427,8468,8508,8543,8575,8610,8637,8676,8703,8721,8750,8773,8789,8812,8836,8848,8869,8883,8899,8921,8930,8951,8966,8984,8994,9004,9013,9018,9033,9041,9051,9064,9071,9076,9079,9083,9087,9092,9095,9100,9103,9109,9114,9115,9121,9124,9132,9136,9137,9141,9144,9146,9154,9160,9164,9167,9168,9169,9173,9175,9178,9178,9178,9180,9183,9183,9185,9188,9190,9195,9198,9199,9200,9200,9201,9201,9201,9202,9202,9202,9203,9205,9206,9206,9206,9206,9207,9207,9207,9210,9210,9210,9211,9212,9213,9213,9213,9215,9215,9215,9215,9216,9216,9217,9217,9217,9219,9219,9219,9219,9219,9219,9220,9220,9220,9220,9220,9220,9220,9220,9221,9221,9221,9221,9222,9222,9222,9222,9222,9223,9223,9223,9223,9223,9223,9223,9223,
0,33,54,72,87,105,121,136,161,191,219,259,295,333,361,405,447,491,555,608,677,744,817,891,974,1072,1165,1270,1399,1496,1612,1736,1879,2020,2147,2297,2440,2619,2785,2946,3128,3288,3499,3691,3892,4110,4300,4514,4708,4906,5098,5279,5463,5657,5841,6026,6202,6358,6563,6712,6850,7012,7165,7324,7478,7616,7758,7878,8002,8143,8260,8362,8470,8571,8678,8785,8876,8968,9053,9132,9217,9285,9354,9422,9487,9543,9596,9644,9704,9753,9796,9831,9873,9913,9953,9996,10025,10051,10087,10112,10137,10165,10190,10213,10227,10239,10258,10275,10294,10315,10330,10339,10358,10378,10398,10406,10417,10424,10428,10438,10452,10463,10468,10481,10485,10495,10502,10510,10519,10525,10533,10538,10543,10546,10549,10553,10556,10560,10564,10565,10568,10571,10573,10574,10577,10579,10580,10584,10585,10586,10587,10588,10588,10588,10590,10592,10593,10594,10595,10595,10596,10597,10598,10598,10598,10598,10598,10599,10599,10599,10601,10601,10601,10601,10601,10601,10601,10601,10601,10601,10601,10602,10602,10602,10602,10603,10603,10603,10603,10603,10603,10603,10603,10603,10603,10603,10603,10603,10603,10603,10603,10603,10604,10605,10605,10605,10605,10605,10605,10605,10605,10606,10606,10606,10606,10606,10606,10606,10606,10606,10606,10606,10606,10606,10607,10607,10607,10607,10607,10607,10607,
0,29,50,66,75,82,95,113,129,151,173,198,218,253,279,311,339,382,415,453,509,548,595,654,732,805,875,949,1033,1120,1205,1282,1356,1468,1572,1681,1817,1957,2112,2260,2392,2533,2676,2840,3003,3138,3311,3496,3673,3822,3981,4131,4300,4474,4645,4789,4957,5118,5247,5429,5574,5704,5856,6016,6148,6269,6402,6548,6672,6799,6899,7013,7115,7244,7338,7440,7533,7635,7740,7827,7915,7992,8071,8161,8232,8301,8372,8436,8504,8555,8597,8652,8710,8760,8791,8834,8878,8913,8948,8977,9008,9034,9061,9088,9108,9128,9158,9177,9201,9218,9234,9255,9276,9286,9301,9318,9324,9340,9354,9361,9370,9376,9386,9394,9403,9406,9414,9420,9430,9435,9446,9450,9458,9459,9468,9471,9476,9481,9483,9491,9496,9496,9498,9498,9499,9501,9503,9509,9510,9513,9516,9517,9519,9519,9521,9523,9524,9524,9524,9527,9528,9528,9528,9528,9529,9531,9531,9531,9531,9533,9535,9535,9535,9536,9537,9537,9537,9538,9538,9538,9538,9538,9538,9538,9538,9538,9538,9538,9538,9539,9539,9539,9540,9540,9540,9540,9541,9541,9543,9544,9544,9544,9544,9546,9546,9546,9546,9546,9546,9547,9547,9547,9548,9548,9548,9548,9548,9548,9548,9548,9548,9548,9548,9548,9548,9548,9548,9548,9548,9548,9548,9548,9548,9548,9548,9548,9548,9548,9548,9548,9548,9548,9548,9548,9548,9548,9548,9548,9548,9548,9548,9548,9548,9548,9548,9548,
0,31,41,56,75,96,116,128,162,178,203,242,278,307,351,392,435,492,542,597,650,722,795,867,945,1010,1090,1175,1278,1359,1451,1543,1662,1795,1916,2043,2191,2326,2459,2627,2797,2974,3165,3358,3525,3725,3909,4100,4283,4461,4642,4845,5045,5222,5424,5590,5791,5990,6186,6356,6532,6722,6890,7052,7231,7364,7516,7643,7782,7923,8056,8214,8348,8460,8578,8714,8824,8927,9019,9101,9204,9296,9385,9471,9567,9632,9689,9760,9824,9880,9933,9978,10020,10072,10109,10139,10169,10198,10244,10264,10294,10331,10364,10385,10401,10423,10442,10466,10489,10510,10526,10547,10567,10584,10594,10607,10627,10647,10656,10667,10677,10687,10695,10705,10709,10716,10719,10727,10736,10742,10750,10762,10765,10769,10771,10775,10780,10783,10787,10789,10790,10792,10794,10796,10797,10801,10802,10804,10806,10807,10808,10810,10811,10812,10815,10815,10816,10816,10817,10817,10817,10817,10818,10818,10820,10820,10821,10821,10821,10822,10822,10822,10823,10823,10823,10823,10823,10824,10824,10824,10824,10824,10824,10824,10824,10824,10824,10824,10824,10826,10826,10826,10826,10826,10826,10826,10826,10826,10826,10826,10826,10827,10827,10827,10827,10827,10827,10827,10827,10827,10827,10828,10828,10829,10829,10829,10829,10829,10829,10829,10829,10829,10829,10829,10829,10829,10829,10829,10829,10829,10829,10829,10829,10829,10829,10829,10829,10829,10829,10829,10829,10829,10829,10829,10829,10829,10829,10829,10829,10829,10829,10829,
0,41,53,68,88,103,116,128,144,160,179,207,228,244,268,295,321,350,391,422,471,515,569,618,663,717,791,860,927,1001,1070,1128,1222,1298,1388,1489,1608,1733,1831,1949,2090,2205,2339,2472,2606,2742,2888,3051,3210,3379,3569,3733,3893,4081,4253,4400,4575,4717,4854,5022,5156,5297,5421,5554,5706,5814,5938,6064,6177,6275,6393,6514,6641,6749,6842,6940,7048,7134,7216,7301,7373,7445,7533,7602,7656,7706,7753,7792,7835,7871,7907,7947,7990,8021,8064,8102,8133,8169,8195,8217,8247,8281,8309,8329,8355,8378,8398,8421,8440,8458,8480,8495,8520,8546,8568,8585,8600,8616,8630,8647,8659,8679,8696,8708,8724,8736,8747,8755,8766,8785,8794,8805,8812,8818,8827,8832,8837,8842,8851,8858,8859,8862,8865,8867,8874,8876,8882,8886,8893,8899,8901,8903,8905,8907,8910,8913,8913,8914,8920,8922,8923,8924,8925,8926,8930,8930,8930,8932,8932,8934,8937,8938,8939,8939,8939,8940,8940,8941,8941,8941,8941,8941,8941,8941,8943,8944,8944,8945,8945,8945,8945,8945,8946,8947,8948,8949,8949,8949,8949,8949,8949,8949,8949,8949,8949,8949,8949,8949,8949,8949,8950,8950,8950,8950,8951,8951,8951,8952,8952,8952,8952,8952,8952,8952,8952,8952,8952,8952,8952,8952,8952,8952,8952,8952,8952,8952,8952,8952,8952,8952,8952,8952,8952,8952,8952,8952,8952,8952,8952,8952,8952,8952,8952,8952,8952,8952,8952,8952,8952,8952,8952,8952,8952,8952,8952,8952,8952,8952,8952,8952,8952,8952,8952,
0,29,42,56,66,79,93,108,122,137,159,178,198,229,256,280,319,355,403,456,511,565,624,692,771,843,921,1009,1096,1182,1267,1369,1472,1589,1688,1819,1974,2115,2256,2386,2524,2694,2848,3009,3187,3362,3556,3727,3915,4069,4238,4410,4583,4754,4946,5092,5264,5423,5564,5706,5850,6009,6186,6350,6509,6641,6773,6901,7043,7192,7317,7440,7555,7657,7781,7888,7981,8094,8181,8267,8350,8436,8528,8614,8690,8763,8829,8886,8963,9023,9084,9126,9178,9217,9259,9312,9365,9410,9444,9477,9509,9535,9557,9583,9627,9652,9681,9707,9720,9742,9762,9784,9806,9830,9845,9853,9870,9884,9903,9911,9920,9927,9940,9945,9953,9959,9966,9976,9979,9981,9989,9994,10000,10006,10010,10016,10022,10024,10027,10030,10033,10035,10036,10040,10041,10044,10047,10050,10050,10053,10054,10057,10059,10061,10063,10064,10066,10067,10068,10068,10068,10069,10071,10072,10075,10075,10076,10077,10077,10077,10077,10077,10077,10077,10077,10078,10078,10078,10079,10079,10079,10079,10079,10079,10079,10079,10079,10079,10079,10079,10079,10079,10079,10079,10079,10079,10079,10079,10079,10079,10079,10079,10079,10079,10079,10079,10079,10079,10079,10079,10079,10079,10079,10079,10079,10079,10079,10080,10080,10080,10080,10080,10080,10081,10081,10081,10081,10081,10081,10081,10081,10081,10081,10081,10082,10082,10082,10082,10082,10082,10082,10082,10082,10082,10082,10082,10082,10082,10083,10083,10083,10083,10083,10083,10083,10083,10083,10083,10083,10083,10083,10083,10083,10083,10083,10083,10083,10083,10083,10083,10083,10083,10083,10083,10083,10083,10083,10083,10083,10083,10083,10083,10083,10083,10083,10083,10083,10083,10083,10083,10083,10083,10083,10083,10083,10083,10083,10083,10083,10083,10083,10083,10083,10083,10083,10083,10083,10083,
0,28,45,60,75,92,109,129,148,166,192,209,240,270,296,327,353,390,433,477,528,575,624,693,768,840,930,1044,1133,1234,1342,1430,1562,1677,1807,1946,2079,2214,2334,2477,2650,2802,2958,3116,3279,3427,3558,3719,3864,4040,4203,4348,4517,4662,4796,4941,5079,5222,5359,5497,5620,5765,5895,6017,6125,6237,6350,6448,6537,6630,6722,6795,6876,6962,7040,7116,7177,7270,7329,7405,7470,7535,7584,7650,7698,7740,7787,7833,7887,7925,7973,8008,8040,8075,8108,8136,8177,8204,8234,8265,8292,8319,8338,8360,8380,8398,8424,8437,8448,8467,8481,8493,8505,8510,8525,8538,8546,8551,8558,8569,8582,8585,8598,8608,8611,8616,8621,8625,8626,8637,8643,8645,8648,8650,8651,8657,8663,8669,8674,8679,8683,8685,8686,8687,8688,8689,8695,8697,8697,8701,8705,8708,8710,8711,8712,8712,8717,8719,8720,8721,8722,8726,8726,8729,8730,8730,8730,8731,8731,8731,8732,8733,8733,8734,8735,8735,8735,8735,8735,8735,8735,8735,8736,8736,8736,8737,8738,8738,8738,8738,8738,8738,8738,8738,8738,8738,8738,8738,8738,8738,8738,8738,8738,8738,8738,8738,8738,8738,8738,8738,8738,8738,8738,8738,8738,8738,8738,8738,8738,8738,8738,8738,8738,8738,8738,8738,8738,8738,8738,8738,8738,8738,8738,8738,8738,8738,8738,
0,32,48,57,72,93,108,123,139,156,181,206,234,269,297,332,378,424,472,527,608,670,732,826,898,972,1083,1189,1295,1388,1504,1637,1773,1912,2060,2219,2362,2517,2664,2815,2987,3143,3308,3464,3636,3788,3937,4096,4276,4438,4624,4786,4955,5120,5269,5455,5619,5771,5938,6090,6228,6350,6505,6622,6762,6893,7023,7132,7235,7330,7450,7564,7664,7737,7836,7933,8026,8105,8193,8279,8367,8449,8517,8579,8640,8710,8786,8846,8909,8967,9017,9083,9141,9183,9240,9289,9350,9390,9434,9477,9521,9557,9600,9644,9684,9721,9753,9791,9820,9840,9860,9887,9908,9924,9950,9963,9985,10007,10022,10042,10048,10066,10079,10096,10106,10119,10126,10133,10143,10154,10159,10168,10171,10176,10179,10189,10197,10207,10219,10225,10234,10243,10247,10252,10259,10266,10269,10273,10275,10275,10278,10280,10281,10282,10284,10286,10287,10291,10294,10295,10299,10300,10302,10303,10304,10306,10309,10309,10309,10311,10311,10311,10313,10314,10314,10314,10315,10317,10317,10318,10318,10319,10320,10320,10320,10320,10321,10321,10322,10325,10325,10325,10325,10326,10326,10326,10327,10328,10328,10328,10328,10328,10328,10329,10329,10329,10329,10329,10329,10329,10329,10329,10329,10329,10329,10329,10329,10329,10329,10329,10329,10329,10329,10329,10329,10329,10329,10329,10329,10329,10329,10329,10329,10329,10329,10329,10329,10329,10329,10329,10329,10329,10329,10329,10329,10329,10329,
0,23,44,53,68,82,89,106,119,134,161,179,204,229,255,291,333,371,415,466,520,585,643,723,789,861,945,1041,1136,1239,1337,1470,1595,1728,1850,1964,2107,2260,2400,2542,2705,2866,3029,3198,3358,3524,3686,3838,3997,4165,4321,4475,4636,4781,4924,5056,5190,5326,5471,5601,5731,5884,6006,6137,6254,6382,6504,6627,6749,6876,6989,7103,7229,7345,7465,7563,7677,7752,7879,7995,8115,8200,8300,8400,8491,8586,8663,8721,8802,8871,8964,9023,9096,9166,9244,9308,9368,9443,9504,9550,9604,9646,9690,9735,9782,9839,9878,9908,9947,9980,10014,10054,10084,10112,10146,10178,10203,10229,10262,10282,10308,10327,10345,10365,10380,10398,10408,10423,10439,10448,10462,10473,10485,10499,10511,10528,10537,10549,10562,10569,10576,10584,10589,10596,10608,10618,10624,10630,10637,10643,10649,10650,10652,10654,10657,10658,10659,10664,10666,10668,10673,10675,10677,10679,10679,10679,10685,10686,10687,10690,10694,10697,10700,10701,10701,10702,10702,10703,10705,10707,10708,10711,10714,10714,10715,10716,10717,10718,10718,10718,10719,10719,10719,10720,10720,10721,10722,10722,10722,10722,10722,10722,10722,10722,10722,10722,10722,10722,10722,10722,10723,10723,10723,10723,10723,10723,10723,10723,10723,10723,10723,10723,10723,10723,10723,10723,10723,10723,10723,10723,10723,10723,10723,10723,10723,10723,10723,10723,10723,10723,10723,10723,10723,10723,10723,10723,10723,
0,25,44,61,79,92,109,129,157,176,207,230,262,301,328,353,397,425,486,543,580,645,705,775,825,907,994,1092,1178,1247,1342,1450,1549,1651,1781,1917,2049,2175,2313,2462,2618,2763,2948,3123,3292,3464,3650,3813,3997,4173,4361,4527,4689,4860,5018,5187,5380,5539,5731,5908,6058,6233,6389,6532,6698,6841,6999,7167,7337,7503,7662,7821,7972,8109,8220,8356,8486,8601,8703,8844,8953,9071,9174,9285,9389,9488,9566,9660,9749,9834,9908,9966,10039,10111,10164,10237,10295,10357,10415,10471,10523,10571,10639,10681,10732,10769,10796,10836,10870,10904,10948,10980,11000,11023,11053,11082,11113,11134,11159,11180,11198,11214,11234,11255,11276,11288,11306,11326,11341,11355,11363,11374,11385,11395,11407,11416,11424,11436,11441,11448,11457,11465,11471,11481,11491,11496,11497,11500,11504,11509,11513,11516,11519,11521,11526,11528,11533,11535,11536,11537,11537,11540,11541,11542,11543,11543,11544,11545,11545,11546,11546,11546,11546,11546,11547,11547,11547,11547,11547,11547,11547,11547,11547,11548,11549,11549,11549,11549,11549,11549,11550,11550,11550,11550,11550,11550,11550,11550,11550,11550,11550,11550,11550,11550,11550,11550,11550,11550,11550,11550,11550,11550,11550,11550,11550,11550,11550,11550,11550,11550,11550,11550,11550,11550,11550,11550,11550,11550,11550,11550,11550,11550,
0,38,54,70,78,95,115,126,146,164,181,199,224,242,270,292,313,338,362,387,421,453,487,518,550,596,661,718,775,832,900,970,1035,1107,1194,1294,1384,1469,1553,1634,1742,1862,1972,2078,2183,2301,2412,2541,2657,2781,2899,3034,3178,3297,3441,3578,3725,3878,4026,4170,4281,4402,4525,4662,4803,4940,5051,5177,5295,5417,5542,5658,5778,5889,6013,6125,6239,6347,6461,6560,6652,6737,6832,6918,7013,7088,7187,7261,7337,7405,7479,7565,7638,7704,7765,7828,7887,7938,7992,8036,8086,8131,8176,8208,8237,8273,8310,8350,8392,8430,8455,8492,8522,8562,8601,8635,8656,8685,8703,8725,8743,8763,8782,8799,8809,8821,8836,8849,8859,8870,8873,8887,8899,8909,8919,8931,8936,8943,8950,8960,8965,8971,8976,8981,8991,8996,9002,9004,9012,9015,9019,9024,9027,9034,9037,9041,9042,9047,9051,9053,9059,9061,9062,9065,9068,9071,9072,9073,9074,9077,9080,9083,9083,9083,9085,9087,9089,9091,9092,9096,9097,9100,9100,9101,9101,9101,9104,9105,9109,9109,9109,9110,9110,9111,9111,9111,9111,9113,9113,9113,9114,9114,9114,9114,9114,9114,9114,9114,9115,9116,9116,9116,9117,9117,9117,9117,9117,9117,9117,9117,9118,9119,9119,9119,9119,9120,9120,9120,9120,9120,9121,9121,9121,9121,9121,9121,9121,9121,9121,9121,9121,9121,9121,9121,9121,9121,9121,9121,9121,9121,9121,9121,9121,9121,9121,9121,9121,9121,9121,9121,9121,9121,9121,9121,9121,9121,9121,9121,9121,9121,9121,9121,9121,
0,24,44,62,70,85,101,112,131,153,181,198,225,251,288,326,372,424,476,524,570,618,688,746,809,887,951,1026,1107,1204,1313,1418,1540,1656,1790,1919,2066,2225,2382,2553,2712,2892,3062,3239,3410,3579,3786,3980,4191,4382,4582,4756,4932,5117,5283,5477,5667,5847,6028,6215,6403,6574,6757,6922,7082,7247,7398,7546,7699,7835,7967,8101,8249,8361,8498,8619,8745,8850,9010,9122,9223,9330,9450,9547,9649,9734,9836,9919,10009,10094,10161,10234,10314,10388,10453,10511,10577,10623,10666,10720,10781,10823,10862,10915,10967,11000,11034,11076,11106,11139,11166,11197,11223,11252,11282,11297,11312,11330,11350,11367,11381,11392,11407,11424,11436,11455,11464,11480,11499,11507,11515,11523,11525,11531,11537,11543,11545,11551,11557,11563,11565,11569,11574,11579,11582,11584,11590,11591,11591,11596,11601,11602,11603,11605,11607,11608,11610,11610,11612,11614,11616,11616,11616,11617,11618,11620,11623,11625,11626,11627,11628,11628,11629,11629,11630,11630,11630,11630,11631,11631,11631,11631,11632,11633,11633,11634,11634,11634,11635,11635,11635,11635,11635,11635,11635,11635,11635,11635,11636,11636,11636,11636,11636,11636,11636,11636,11636,11636,11636,11636,11636,11636,11636,11637,11637,11638,11639,11639,11639,11639,11640,11640,11640,11641,11641,11641,11641,11641,11641,11642,11642,11642,11642,11642,11642,11643,11643,11643,11643,11643,11643,
0,24,44,59,79,90,106,126,146,171,204,222,243,273,317,366,410,438,494,551,620,691,745,813,888,966,1057,1139,1222,1327,1450,1583,1716,1857,1977,2128,2297,2449,2608,2764,2938,3128,3333,3525,3705,3889,4081,4268,4451,4655,4850,5039,5237,5451,5631,5823,6016,6203,6385,6566,6746,6930,7090,7246,7414,7575,7698,7860,7996,8126,8262,8395,8506,8605,8706,8824,8922,8994,9091,9188,9292,9387,9465,9557,9627,9697,9770,9857,9919,9977,10050,10101,10159,10212,10256,10293,10335,10381,10418,10469,10496,10533,10570,10607,10636,10668,10692,10719,10747,10765,10789,10816,10835,10861,10879,10892,10904,10918,10937,10949,10969,10980,10993,11005,11015,11031,11038,11047,11055,11062,11066,11072,11077,11080,11086,11090,11098,11101,11106,11108,11115,11117,11121,11126,11129,11134,11135,11135,11137,11142,11142,11143,11144,11149,11149,11150,11151,11152,11155,11155,11156,11157,11157,11157,11157,11158,11159,11159,11159,11160,11161,11164,11165,11166,11166,11167,11168,11169,11170,11170,11172,11172,11173,11173,11173,11174,11174,11174,11174,11174,11174,11174,11174,11174,11174,11174,11174,11174,11174,11174,11174,11174,11174,11175,11175,11175,11176,11176,11176,11176,11176,11176,11176,11176,11176,11176,11176,11176,11176,11176,11176,11176,11176,11176,11176,11176,11176,11176,11176,11176,11176,11176,11176,11176,11176,11176,11176,11176,11176,11176,11176,11176,11176,11176,11176,11176,11176,11176,11176,11176,11176,11176,11176,11176,11176,11176,11176,11176,11176,11176,11176,11176,11176,11176,11176,11176,11176,11176,11176,11176,11176,11176,11176,11176,11176,11176,11176,11176,11176,11176,11176,11176,11176,11176,11176,11176,11176,11176,11176,11176,11176,11176,11176,11176,11176,11176,11176,11176,11176,11176,11176,11176,11176,11176,11176,11176,11176,11176,11176,11176,11176,11176,11176,11176,11176,11176,11176,11176,11176,11176,11176,11176,11176,11176,11176,11176,11176,11176,11176,11176,11176,11176,11176,11176,11176,11176,11176,11176,11176,11176,11176,11176,11176,11176,11176,11176,11176,11176,11176,11176,11176,11176,11176,11176,11176,11176,11176,11176,11176,11176,11176,11176,11176,11176,11176,11176,11176,11176,11176,11176,11176,11176,11176,11176,11176,11176,11176,11176,11176,11176,11176,11176,11176,11176,11176,11176,11176,11176,11176,11176,11176,11176,11176,11176,11176,11176,11176,11176,
0,28,48,70,81,94,109,121,137,162,185,213,254,292,331,374,408,451,501,557,608,662,730,792,868,944,1035,1130,1221,1316,1432,1556,1672,1794,1915,2065,2216,2370,2511,2657,2826,2979,3134,3295,3452,3617,3781,3972,4141,4335,4544,4727,4913,5096,5255,5411,5594,5761,5916,6079,6257,6407,6556,6719,6869,7015,7134,7278,7386,7511,7610,7721,7826,7939,8045,8111,8190,8285,8374,8447,8514,8562,8620,8686,8747,8810,8858,8900,8942,8988,9039,9084,9137,9175,9208,9243,9280,9316,9343,9365,9399,9431,9469,9493,9523,9548,9579,9600,9631,9661,9695,9718,9749,9773,9793,9812,9827,9842,9859,9882,9890,9900,9912,9928,9945,9964,9982,9993,10007,10016,10029,10041,10055,10064,10075,10088,10105,10114,10129,10136,10148,10161,10171,10184,10193,10202,10211,10218,10229,10239,10248,10260,10266,10272,10278,10287,10294,10300,10306,10312,10318,10326,10331,10335,10340,10346,10351,10360,10364,10372,10373,10375,10381,10383,10386,10389,10390,10392,10394,10398,10400,10400,10403,10405,10405,10405,10405,10405,10407,10407,10407,10409,10409,10410,10410,10411,10411,10411,10411,10411,10411,10411,10411,10411,10414,10415,10415,10415,10415,10417,10417,10419,10419,10419,10420,10420,10420,10420,10420,10420,10420,10420,10420,10420,10420,10420,10420,10420,10420,10420,10420,10420,
0,31,43,58,71,84,102,120,136,156,178,203,227,257,291,330,370,411,463,522,572,649,715,776,852,944,1016,1118,1228,1335,1451,1572,1721,1867,2024,2203,2381,2535,2708,2891,3071,3264,3453,3642,3844,4047,4270,4490,4695,4899,5095,5301,5509,5729,5946,6140,6349,6554,6741,6941,7120,7308,7489,7672,7843,8028,8177,8324,8486,8641,8791,8918,9077,9204,9320,9431,9524,9627,9732,9849,9939,10028,10117,10189,10272,10341,10416,10484,10556,10620,10682,10727,10776,10826,10877,10924,10964,11007,11047,11075,11103,11133,11157,11183,11207,11223,11239,11262,11281,11309,11327,11351,11372,11385,11396,11400,11416,11427,11433,11442,11452,11463,11472,11478,11489,11496,11506,11513,11518,11522,11527,11533,11537,11545,11549,11549,11556,11562,11563,11565,11571,11575,11578,11580,11582,11584,11587,11591,11593,11597,11599,11600,11605,11608,11610,11610,11615,11618,11619,11621,11621,11622,11624,11626,11628,11628,11629,11630,11630,11630,11632,11632,11634,11634,11634,11636,11636,11636,11636,11636,11636,11637,11637,11637,11637,11637,11637,11639,11639,11639,11639,11639,11639,11639,11639,11639,11639,11639,11639,11639,11639,11639,11640,11640,11642,11642,11642,11642,11642,11642,11642,
0,27,45,57,73,86,102,112,129,142,170,199,223,248,290,316,352,401,455,503,564,624,695,760,847,947,1050,1153,1239,1354,1490,1612,1768,1907,2070,2217,2391,2563,2736,2929,3127,3314,3497,3703,3911,4131,4325,4558,4790,5004,5203,5432,5633,5824,6000,6176,6355,6540,6728,6907,7052,7206,7356,7503,7665,7783,7900,8019,8136,8282,8406,8526,8645,8750,8846,8941,9029,9128,9224,9310,9391,9487,9561,9639,9703,9756,9821,9882,9941,9999,10048,10092,10138,10177,10208,10243,10297,10346,10378,10414,10443,10475,10504,10534,10562,10582,10599,10625,10650,10674,10691,10707,10722,10733,10750,10768,10777,10805,10825,10841,10856,10869,10876,10886,10897,10908,10920,10932,10948,10961,10972,10981,10996,11009,11021,11032,11043,11046,11055,11060,11074,11079,11088,11099,11107,11110,11112,11119,11127,11133,11139,11143,11153,11156,11162,11171,11175,11177,11184,11189,11192,11197,11202,11205,11211,11217,11220,11227,11232,11236,11237,11243,11246,11249,11255,11260,11263,11267,11270,11270,11273,11276,11276,11278,11282,11282,11282,11282,11284,11284,11284,11286,11286,11290,11292,11292,11292,11292,11293,11293,11293,11294,11294,11294,11294,11294,11294,11295,11295,11295,11296,11296,11296,11296,11296,11296,11296,11296,11296,11296,11296,11297,11297,11297,11297,11297,11297,11297,11298,11298,11299,11300,11300,11300,11300,11300,11300,11300,11300,11300,11300,11300,11300,11300,11300,11300,11300,11300,11300,11300,11300,11300,11300,11300,11300,11300,11300,11300,11300,11300,11300,11300,11300,11300,11300,11300,11300,11300,11300,11300,
0,34,50,70,86,99,114,138,158,182,208,242,278,311,338,381,418,455,515,569,624,706,772,840,916,995,1101,1218,1319,1435,1547,1681,1806,1922,2052,2199,2367,2505,2696,2856,3046,3205,3387,3555,3755,3952,4137,4324,4507,4698,4886,5077,5272,5501,5687,5875,6070,6266,6435,6615,6799,6964,7149,7311,7475,7638,7775,7908,8042,8182,8318,8441,8560,8692,8796,8902,8991,9094,9181,9259,9345,9422,9504,9590,9678,9744,9829,9888,9960,10019,10070,10124,10179,10230,10284,10312,10361,10400,10435,10478,10512,10550,10572,10599,10625,10657,10674,10694,10717,10737,10758,10779,10799,10811,10830,10850,10863,10878,10891,10906,10914,10924,10936,10941,10950,10959,10964,10980,10988,10998,11008,11014,11022,11029,11039,11048,11054,11062,11071,11076,11081,11085,11088,11092,11100,11104,11112,11115,11122,11128,11132,11133,11135,11139,11142,11144,11150,11154,11156,11159,11161,11164,11166,11169,11170,11171,11177,11178,11181,11183,11185,11187,11188,11189,11191,11191,11192,11192,11193,11194,11195,11198,11199,11200,11200,11201,11201,11201,11201,11201,11201,11201,11201,11202,11202,11203,11203,11203,11204,11204,11205,11205,11205,11205,11205,11205,11205,11205,11205,11205,11205,11206,11206,11206,11206,11207,11207,11208,11209,11209,11209,11209,11210,11210,11210,11210,11210,11210,11210,11210,11210,11210,11210,11210,11210,11210,11210,11210,11210,11210,11210,11210,11210,11210,11210,11210,11210,11210,11210,11210,11210,11210,11211,11211,11211,11211,11211,11211,11211,11211,11211,11211,11211,11211,11211,11211,11211,11211,11211,11211,
0,33,49,65,81,101,107,127,145,163,192,230,258,293,332,387,442,487,548,610,667,742,810,891,982,1072,1171,1256,1359,1481,1595,1709,1848,1979,2118,2277,2429,2595,2733,2887,3064,3233,3375,3528,3682,3840,3982,4148,4326,4497,4662,4799,4959,5113,5278,5423,5586,5741,5906,6053,6179,6319,6425,6539,6650,6781,6903,7038,7152,7270,7380,7480,7578,7674,7777,7861,7946,8036,8105,8173,8264,8337,8417,8473,8542,8599,8651,8705,8772,8815,8864,8907,8955,9010,9041,9081,9118,9155,9190,9213,9244,9272,9291,9306,9337,9358,9385,9403,9428,9444,9461,9478,9496,9514,9527,9543,9555,9567,9578,9589,9600,9610,9619,9627,9634,9647,9649,9656,9663,9663,9664,9673,9675,9675,9680,9684,9687,9690,9693,9694,9694,9695,9699,9701,9701,9702,9702,9704,9706,9706,9711,9712,9715,9715,9716,9719,9720,9720,9720,9720,9720,9721,9721,9722,9722,9723,9723,9723,9723,9724,9724,9724,9725,9725,9726,9726,9726,9726,9726,9726,9726,9726,9726,9726,9726,9726,9726,9726,9726,9726,9726,9726,9726,9726,9726,9726,9726,9726,9726,9726,9726,9726,9726,9726,9727,9727,9727,9727,9727,9727,9727,9727,9727,9727,9727,9727,9727,9727,9727,9727,9727,9727,9727,9727,9727,9727,9727,9727,9727,9727,9727,9727,9727,9727,9727,9727,9727,9727,9727,9727,9727,9727,9727,9727,9727,9727,9727,9727,9727,9727,9727,9727,9727,9727,9727,9727,9727,9727,9727,9727,9727,9727,9727,9727,9727,9727,9727,9727,9727,9727,9727,9727,9728,9728,9728,9728,9728,9728,9728,9728,9728,9728,9728,9728,9728,9728,9728,9728,9728,9728,9728,9728,
0,17,29,42,56,69,82,95,113,126,141,159,195,229,261,292,338,386,431,481,542,618,681,759,828,905,991,1085,1185,1287,1395,1507,1647,1774,1916,2061,2218,2377,2541,2743,2902,3046,3187,3338,3514,3703,3855,4017,4171,4353,4509,4665,4855,5064,5233,5412,5579,5765,5922,6087,6250,6413,6575,6732,6877,7047,7193,7369,7506,7643,7780,7918,8039,8163,8275,8385,8493,8605,8699,8779,8876,8964,9034,9119,9200,9283,9356,9437,9505,9560,9620,9685,9736,9786,9849,9898,9941,9987,10026,10055,10083,10121,10147,10174,10208,10234,10261,10288,10314,10341,10366,10377,10396,10420,10436,10445,10457,10467,10490,10509,10523,10532,10549,10558,10568,10577,10580,10588,10595,10601,10608,10613,10618,10623,10624,10626,10633,10638,10641,10643,10644,10646,10648,10649,10649,10649,10652,10654,10655,10658,10660,10660,10661,10664,10664,10666,10666,10666,10667,10667,10667,10668,10668,10669,10670,10671,10671,10671,10671,10671,10676,10676,10676,10677,10677,10678,10678,10678,10679,10680,10681,10682,10683,10683,10684,10685,10685,10685,10685,10685,10685,10685,10686,10686,10687,10687,10687,10687,10687,10687,10687,10687,10687,10687,10687,10687,10687,10687,10687,10688,10688,10688,10688,10688,10688,10688,10688,10688,10688,10688,10688,10688,10688,10688,10688,10688,10688,10688,10688,10688,10688,10688,10688,10688,10688,10688,10688,10688,10688,10688,10688,10688,10688,10688,10688,10688,10688,10688,10688,10688,10688,10688,10688,10688,10688,10688,10688,10688,10688,10688,10688,10688,10688,10688,10688,10688,10688,
0,36,51,71,88,101,117,126,148,169,183,208,236,261,296,329,355,375,410,448,499,547,599,665,724,802,875,941,1017,1110,1221,1329,1433,1550,1679,1793,1913,2052,2187,2322,2481,2621,2762,2914,3059,3223,3391,3548,3697,3866,4061,4219,4371,4522,4682,4826,4982,5123,5266,5406,5556,5712,5841,5988,6119,6279,6401,6540,6653,6792,6885,7010,7123,7233,7326,7421,7493,7576,7662,7761,7850,7940,8021,8089,8174,8248,8311,8384,8445,8508,8555,8611,8665,8717,8763,8812,8860,8903,8940,8982,9025,9086,9134,9176,9215,9250,9289,9326,9355,9391,9420,9458,9488,9542,9579,9613,9644,9668,9690,9717,9734,9762,9782,9807,9829,9856,9877,9903,9923,9955,9973,9991,9999,10019,10034,10040,10054,10071,10078,10094,10102,10112,10121,10133,10140,10149,10156,10165,10170,10178,10181,10190,10197,10204,10205,10211,10214,10219,10223,10227,10232,10235,10236,10240,10242,10247,10249,10250,10251,10251,10254,10255,10256,10257,10257,10258,10259,10260,10260,10262,10262,10263,10263,10265,10266,10266,10266,10266,10267,10267,10267,10267,10267,10267,10267,10267,10267,10267,10267,10267,10267,10268,10268,10268,10268,10268,10268,10268,10268,10268,10268,10268,10268,10268,10268,10268,10268,10268,10268,10268,10268,10268,10268,10268,10268,10268,10268,10268,10268,10268,10268,10268,10268,10268,10268,10268,10268,10268,10268,10268,10268,10268,10268,10268,10268,10268,10268,10268,10268,10268,10268,10268,10268,10268,10268,10268,10268,10268,10268,10268,10268,10268,10268,10268,10268,10268,10268,10268,10268,10268,10268,10268,10268,10268,
0,37,58,68,82,101,113,145,167,189,219,241,267,296,323,356,387,417,466,506,563,634,684,743,810,869,948,1037,1132,1231,1316,1428,1531,1652,1753,1879,2016,2137,2277,2417,2560,2703,2846,2998,3170,3328,3498,3695,3865,4045,4215,4379,4560,4735,4927,5094,5281,5461,5658,5831,6030,6227,6410,6579,6737,6906,7070,7250,7412,7587,7745,7894,8033,8170,8304,8430,8567,8671,8800,8930,9046,9160,9246,9344,9455,9549,9644,9717,9789,9863,9929,9996,10073,10145,10205,10261,10308,10355,10391,10439,10482,10519,10561,10602,10628,10657,10685,10713,10738,10765,10785,10806,10827,10840,10860,10875,10889,10900,10914,10931,10944,10955,10967,10981,10993,11004,11009,11017,11019,11023,11031,11034,11039,11046,11052,11057,11062,11065,11072,11074,11081,11088,11095,11100,11102,11104,11106,11111,11111,11115,11116,11119,11119,11120,11123,11124,11128,11128,11128,11129,11132,11135,11135,11136,11137,11137,11137,11137,11137,11137,11137,11137,11137,11137,11138,11138,11139,11139,11139,11139,11139,11139,11140,11140,11140,11140,11140,11140,11140,11140,11140,11140,11140,11140,11140,11140,11140,11140,11140,11140,11140,11140,11140,11140,11140,11140,11140,11140,11140,11140,11140,11140,11140,11140,11140,11140,11140,11140,11140,11140,11140,11140,11140,11140,11140,11140,11140,11140,11140,11140,11140,11140,11140,11140,11140,11140,11140,11140,11140,11140,11140,11140,11140,11140,11140,11140,11140,11140,11140,11140,11140,11140,11140,11140,11140,11140,11140,11140,11140,11140,11140,11140,11140,11140,11140,11140,11140,11140,11140,11140,11140,11140,11140,11140,11140,11140,11140,11140,11140,11140,11140,11140,11140,11140,11140,11140,11140,11140,11140,11140,11140,11140,11140,11140,11140,11140,11140,11140,11140,11140,11140,11140,11140,11140,11140,11140,11140,11140,11140,11140,11140,11140,11140,11140,11140,11140,11140,11140,11140,11140,11140,11140,11140,11140,11140,11140,11140,11140,11140,11140,11140,11140,11140,11140,11140,11140,11140,11140,11140,11140,11140,11140,11140,11140,11140,11140,11140,11140,11140,11140,11140,11140,11140,11140,11140,11140,11140,11140,
0,30,53,70,89,102,118,144,158,188,212,237,264,290,336,371,415,479,527,587,637,702,778,845,935,1017,1119,1194,1295,1401,1504,1630,1780,1909,2038,2179,2331,2481,2650,2819,2996,3211,3389,3585,3760,3965,4144,4339,4560,4763,4962,5180,5355,5555,5737,5918,6105,6306,6472,6641,6848,7024,7198,7392,7554,7678,7823,7968,8104,8246,8384,8502,8631,8746,8852,8962,9046,9127,9219,9296,9367,9447,9513,9572,9645,9705,9760,9820,9875,9916,9964,10004,10045,10078,10107,10143,10178,10207,10247,10283,10313,10342,10369,10399,10418,10439,10458,10472,10483,10501,10520,10538,10552,10569,10583,10591,10601,10614,10629,10639,10649,10657,10666,10670,10674,10679,10684,10689,10693,10706,10708,10715,10724,10729,10732,10736,10737,10742,10744,10746,10748,10751,10752,10752,10754,10756,10757,10758,10761,10761,10764,10765,10765,10767,10769,10771,10772,10772,10772,10772,10776,10776,10776,10777,10777,10777,10777,10777,10777,10777,10777,10777,10777,10777,10780,10784,10784,10785,10785,10785,10785,10786,10786,10786,10787,10787,10787,10787,10787,10787,10787,10787,10787,10787,10787,10787,10787,10787,10787,10787,10787,10787,10787,10787,10787,10787,10787,10787,10787,10787,10787,10787,10787,10787,10787,10787,10787,10787,10787,10787,10787,10788,10788,10788,10788,10788,10788,10788,10788,10788,10788,10788,10788,10788,10788,10788,10788,10788,10788,10788,10788,10788,10788,
0,20,37,52,70,81,98,112,134,152,176,195,230,273,315,379,415,473,523,576,643,708,787,873,936,1025,1143,1265,1372,1501,1614,1760,1900,2047,2199,2353,2501,2660,2832,3007,3149,3333,3519,3724,3889,4055,4223,4403,4555,4735,4923,5095,5266,5414,5600,5780,5959,6116,6255,6421,6572,6724,6920,7058,7208,7344,7464,7593,7718,7837,7959,8093,8213,8338,8457,8574,8680,8775,8875,8963,9050,9123,9197,9272,9349,9419,9478,9554,9631,9684,9737,9792,9836,9886,9929,9979,10014,10058,10099,10127,10155,10190,10228,10243,10270,10297,10322,10349,10376,10401,10420,10435,10448,10459,10467,10483,10491,10503,10517,10530,10538,10549,10556,10561,10570,10574,10582,10588,10590,10596,10599,10606,10611,10616,10621,10622,10626,10633,10642,10647,10651,10653,10661,10664,10667,10670,10673,10673,10676,10679,10683,10687,10689,10691,10693,10696,10699,10700,10701,10705,10708,10708,10709,10709,10710,10711,10713,10715,10720,10721,10723,10723,10724,10725,10725,10725,10727,10727,10727,10727,10727,10728,10730,10730,10730,10730,10730,10730,10731,10731,10731,10731,10731,10731,10731,10731,10731,10731,10731,10731,10731,10731,10731,10731,10731,10731,10732,10732,10732,10732,10732,10732,10732,10732,10733,10733,10733,10733,10733,10733,10733,10733,10733,10733,10733,10733,10733,10733,10733,10733,10733,10733,10733,10733,10733,10733,10733,10733,10733,10733,10733,10733,10733,10733,10733,10733,10733,10733,10733,10733,10733,10733,10733,10733,10733,10733,10733,10733,10733,10733,10733,10733,10733,10733,10733,10733,10733,10733,10733,10733,10733,10733,10733,10733,10733,10733,10733,10733,10733,10733,10733,10733,10733,
0,30,45,64,84,97,114,132,160,180,196,236,264,290,320,373,413,472,527,625,695,786,878,949,1057,1152,1263,1392,1507,1634,1776,1901,2031,2179,2330,2523,2678,2836,3017,3204,3387,3546,3732,3920,4074,4259,4438,4652,4835,5024,5231,5424,5589,5772,5935,6104,6280,6441,6582,6737,6873,7025,7166,7298,7439,7577,7717,7834,7967,8099,8225,8348,8454,8563,8649,8766,8854,8950,9041,9127,9205,9269,9337,9391,9461,9542,9601,9665,9714,9764,9807,9845,9872,9903,9934,9960,9995,10019,10048,10075,10093,10120,10148,10175,10198,10218,10238,10260,10282,10309,10330,10353,10369,10390,10407,10427,10447,10456,10475,10489,10499,10507,10526,10536,10550,10560,10575,10582,10591,10601,10608,10611,10616,10621,10627,10636,10640,10645,10649,10656,10660,10665,10670,10673,10677,10685,10690,10698,10701,10706,10712,10718,10722,10724,10729,10735,10739,10744,10749,10755,10756,10758,10759,10760,10764,10769,10770,10773,10776,10777,10779,10780,10781,10782,10782,10784,10786,10788,10790,10790,10791,10792,10793,10795,10796,10796,10796,10797,10799,10799,10803,10804,10805,10806,10807,10807,10807,10807,10807,10807,10808,10808,10808,10808,10808,10808,10808,10809,10809,10810,10811,10811,10811,10811,10811,10811,10811,10811,10811,10811,10811,10811,10811,10811,10811,10811,10811,10811,10811,10811,10811,10811,10811,10811,10811,10811,10811,10811,10811,10811,10811,10811,10811,10811,10811,10811,10811,10811,10811,10811,10811,10811,10811,10811,10811,10811,10811,10811,10811,10811,10811,10811,10811,10811,10811,10811,
0,30,52,69,75,80,95,106,119,134,152,171,197,224,244,268,288,306,338,366,398,430,457,485,527,564,614,662,733,800,873,938,991,1067,1150,1243,1318,1425,1530,1641,1755,1877,1985,2101,2219,2346,2470,2621,2764,2894,3044,3176,3320,3463,3605,3761,3888,4025,4155,4287,4426,4552,4684,4825,4947,5064,5180,5291,5394,5482,5571,5676,5772,5867,5960,6054,6134,6222,6306,6386,6453,6517,6575,6626,6687,6756,6815,6871,6910,6959,6991,7025,7059,7095,7130,7145,7182,7215,7239,7273,7300,7322,7344,7369,7382,7398,7412,7423,7438,7451,7463,7469,7475,7484,7491,7496,7500,7512,7523,7529,7539,7548,7552,7556,7563,7570,7573,7576,7583,7587,7589,7595,7598,7600,7602,7604,7605,7609,7610,7619,7623,7627,7629,7631,7632,7636,7638,7640,7641,7641,7643,7644,7647,7650,7650,7651,7651,7652,7654,7654,7654,7654,7654,7656,7658,7659,7660,7663,7663,7663,7663,7663,7664,7664,7665,7665,7665,7665,7665,7665,7665,7665,7665,7665,7665,7665,7665,7665,7665,7665,7665,7665,7665,7665,7665,7665,7665,7665,7665,7665,7665,7665,7665,7665,7665,7665,7665,7666,7666,7666,7666,7666,7666,7666,7666,7666,7666,7666,7666,7666,7666,7666,7666,7666,7666,7666,7666,7666,7666,7666,7666,7666,7666,7666,7666,7666,7666,
0,31,40,53,68,79,97,118,139,158,179,201,226,253,275,306,338,368,410,458,503,564,631,696,760,821,890,957,1017,1084,1173,1252,1333,1419,1520,1632,1727,1841,1979,2116,2253,2377,2534,2685,2856,3030,3194,3346,3510,3700,3843,4033,4204,4352,4510,4681,4862,5018,5200,5377,5568,5746,5936,6127,6290,6470,6606,6785,6934,7079,7231,7375,7516,7678,7842,7989,8125,8264,8397,8505,8629,8756,8873,8984,9099,9203,9318,9399,9486,9571,9638,9731,9821,9896,9970,10027,10094,10176,10242,10304,10361,10417,10475,10515,10572,10622,10673,10709,10754,10787,10826,10859,10881,10920,10958,10985,11016,11038,11070,11088,11106,11125,11142,11158,11172,11194,11207,11217,11226,11240,11254,11259,11272,11290,11307,11319,11327,11336,11349,11356,11361,11367,11375,11380,11387,11390,11394,11402,11407,11414,11423,11426,11434,11435,11440,11444,11447,11451,11458,11463,11466,11468,11471,11472,11475,11479,11482,11484,11486,11486,11490,11492,11493,11495,11497,11499,11499,11500,11501,11501,11502,11504,11504,11504,11504,11504,11504,11504,11504,11506,11506,11506,11507,11507,11507,11507,11507,11507,11508,11508,11509,11509,11509,11509,11509,11509,11510,11510,11510,11510,11510,11510,11510,11510,11510,11510,11510,11510,11510,11510,11510,11511,11511,11511,11511,11511,11511,11511,11511,11511,11511,11511,11511,11511,11511,11512,11512,11512,11512,11512,11512,11512,11512,11512,11512,11512,11512,11512,11512,11512,11512,11512,11512,11513,11513,11513,11513,11513,11513,
0,25,36,45,60,73,87,100,110,125,145,166,195,230,262,299,339,369,401,441,486,548,610,670,732,811,871,954,1060,1161,1268,1386,1516,1623,1754,1891,2016,2125,2252,2396,2531,2697,2863,3046,3201,3345,3501,3675,3841,3996,4153,4334,4462,4620,4766,4912,5073,5223,5404,5543,5700,5835,5980,6113,6267,6391,6500,6639,6748,6861,6973,7089,7206,7298,7391,7476,7580,7684,7781,7888,7979,8087,8161,8240,8339,8431,8514,8580,8664,8731,8799,8876,8952,9009,9069,9120,9188,9243,9293,9348,9401,9467,9519,9583,9638,9685,9719,9768,9810,9868,9899,9942,9991,10027,10056,10087,10120,10146,10181,10199,10232,10260,10281,10302,10323,10343,10369,10391,10409,10432,10444,10466,10474,10493,10507,10514,10528,10539,10548,10555,10567,10575,10582,10598,10603,10608,10612,10617,10621,10631,10634,10638,10638,10646,10651,10653,10656,10658,10661,10663,10663,10666,10667,10668,10668,10671,10675,10676,10678,10680,10681,10684,10687,10689,10691,10693,10695,10696,10697,10698,10699,10702,10702,10702,10703,10705,10706,10706,10706,10707,10709,10709,10710,10711,10711,10711,10713,10713,10713,10713,10713,10713,10713,10713,10713,10713,10713,10713,10713,10713,10713,10713,10714,10714,10714,10714,10714,10714,10714,10714,10714,10714,10714,10714,10714,10714,10714,10714,10714,10715,10715,10715,10715,10715,10715,10715,10715,10715,10715,10715,10715,10715,10715,10715,10715,10715,10715,10715,10715,10715,10715,10715,10715,10715,10715,10715,10715,10715,10715,10715,10715,10715,10715,10715,10715,10715,10715,10715,10715,10715,10715,10715,10715,10715,10715,10715,10715,10715,10715,10715,10715,10715,10715,10715,10715,10715,10715,10715,10715,10715,10715,10715,10715,10715,10715,10715,10715,10715,10715,10715,10715,10715,10715,10715,10715,10715,10715,10715,10715,10715,10715,10715,10715,10715,10715,
0,47,60,69,83,91,106,121,141,158,183,213,250,281,313,345,381,422,466,522,565,624,674,738,809,893,961,1028,1119,1215,1306,1411,1492,1573,1673,1791,1926,2037,2180,2304,2431,2544,2679,2823,2982,3130,3289,3437,3601,3757,3912,4041,4203,4352,4523,4682,4855,5006,5149,5294,5418,5568,5720,5865,6017,6158,6278,6397,6527,6641,6764,6870,6973,7072,7163,7248,7321,7394,7469,7534,7604,7681,7753,7815,7872,7914,7969,8024,8071,8122,8171,8220,8271,8312,8355,8397,8433,8465,8503,8530,8563,8592,8632,8659,8680,8704,8728,8749,8764,8780,8798,8815,8830,8844,8861,8875,8893,8909,8924,8935,8948,8955,8965,8975,8979,8987,8998,9011,9020,9024,9028,9031,9037,9041,9047,9053,9057,9060,9064,9066,9071,9073,9077,9078,9078,9080,9083,9084,9084,9089,9090,9092,9092,9093,9095,9096,9097,9099,9100,9100,9101,9101,9101,9102,9103,9105,9107,9107,9107,9109,9110,9110,9110,9110,9110,9111,9112,9112,9112,9113,9113,9113,9113,9113,9113,9114,9114,9114,9114,9115,9115,9115,9115,9115,9115,9115,9115,9115,9115,9115,9115,9115,9115,9115,9115,9115,9115,9115,9115,9115,9115,9115,9115,9115,9115,9115,9115,9115,9115,9115,9115,9115,9115,9115,9115,9116,9116,9116,9116,9116,9116,9116,9116,9116,9116,9116,9116,9116,9116,9116,9116,9116,9116,9116,9116,9116,9116,9116,9116,
0,31,41,50,61,74,89,110,136,164,186,207,248,280,313,368,415,461,513,568,614,680,745,815,876,955,1040,1131,1223,1330,1431,1531,1658,1782,1901,2052,2201,2348,2480,2627,2758,2924,3083,3259,3412,3586,3756,3923,4071,4245,4405,4556,4712,4849,4985,5127,5268,5420,5561,5717,5859,6019,6170,6295,6437,6564,6688,6803,6923,7027,7129,7256,7361,7463,7564,7642,7731,7812,7887,7978,8058,8120,8178,8237,8286,8346,8405,8460,8503,8543,8594,8645,8680,8721,8760,8782,8809,8851,8884,8904,8939,8966,8996,9010,9035,9059,9075,9098,9121,9140,9154,9170,9190,9202,9215,9234,9237,9245,9254,9262,9269,9280,9285,9294,9302,9309,9317,9321,9331,9335,9343,9350,9356,9360,9362,9368,9373,9376,9376,9378,9382,9386,9387,9390,9395,9395,9396,9399,9401,9403,9404,9406,9410,9412,9413,9413,9416,9417,9418,9418,9420,9420,9421,9421,9422,9422,9422,9422,9423,9423,9423,9424,9424,9424,9424,9424,9424,9424,9424,9424,9424,9424,9425,9425,9425,9425,9425,9425,9425,9425,9425,9425,9425,9425,9425,9425,9425,9425,9425,9425,9425,9426,9426,9426,9426,9426,9426,9426,9427,9427,9427,9427,9427,9427,9427,9427,9427,9427,9427,9427,9427,9427,9427,9427,9427,9427,9427,9427,9427,9427,9427,9427,9427,9427,9427,9427,9427,9427,9427,9427,9427,9427,9427,9427,9427,9427,9427,9427,9427,9427,9427,9427,9427,9427,9427,9427,9427,9427,9427,9427,9427,9427,9427,9427,9427,9427,9427,9427,9427,9427,9427,9427,9427,9427,9427,9427,9427,9427,9427,9427,9427,9427,9427,9427,9427,9427,9427,9427,9427,9427,9427,9427,9427,9427,9427,9427,9427,9427,9427,9427,9427,9427,9427,9427,9427,9427,9427,9427,9427,9427,9427,9427,
0,24,39,59,79,103,120,144,168,188,216,254,291,331,383,433,478,540,611,669,733,812,899,977,1067,1156,1258,1370,1463,1567,1681,1815,1953,2102,2246,2406,2569,2739,2919,3090,3274,3487,3683,3877,4078,4300,4540,4734,4950,5161,5367,5592,5810,6020,6219,6395,6571,6777,6953,7129,7298,7473,7624,7788,7947,8112,8258,8432,8581,8738,8843,8988,9096,9214,9323,9420,9516,9602,9682,9772,9859,9931,10000,10070,10144,10198,10262,10312,10370,10408,10448,10493,10545,10579,10622,10656,10692,10730,10762,10801,10824,10846,10865,10886,10912,10933,10955,10986,11010,11029,11045,11060,11073,11089,11096,11110,11116,11130,11137,11149,11158,11170,11175,11179,11184,11193,11197,11201,11207,11215,11217,11218,11222,11223,11228,11232,11232,11235,11237,11240,11246,11246,11250,11252,11254,11257,11257,11258,11258,11258,11261,11265,11265,11266,11267,11267,11270,11270,11271,11272,11272,11273,11274,11274,11275,11276,11278,11279,11279,11279,11279,11280,11281,11282,11282,11282,11282,11283,11284,11285,11285,11286,11286,11286,11286,11286,11286,11287,11287,11288,11288,11288,11288,11288,11288,11288,11288,11288,11288,11288,11288,11288,11288,11288,11288,11288,11288,11288,11288,11288,11288,11288,11288,11288,11288,11288,11288,11288,11288,11288,11288,11288,11288,11288,11288,11288,11288,11288,11288,11288,11288,11288,11288,11288,11288,11288,11288,11288,11288,11288,11288,11288,11288,11288,11288,11288,11288,11288,11288,11288,11288,11288,11288,
0,17,30,43,56,75,91,110,122,143,166,193,224,253,292,332,377,410,464,510,554,624,692,748,831,900,982,1054,1153,1234,1339,1458,1570,1697,1821,1946,2093,2250,2403,2563,2724,2896,3101,3266,3444,3638,3832,4010,4238,4446,4654,4845,5044,5271,5453,5668,5875,6073,6239,6430,6605,6770,6941,7117,7270,7419,7574,7745,7896,8027,8176,8324,8448,8585,8712,8830,8943,9054,9172,9270,9375,9458,9549,9634,9707,9771,9860,9917,9969,10021,10085,10149,10206,10245,10301,10344,10378,10420,10479,10518,10560,10590,10634,10665,10695,10730,10753,10778,10796,10816,10835,10850,10866,10881,10898,10914,10924,10940,10951,10961,10966,10972,10980,10989,11001,11012,11018,11029,11036,11041,11051,11058,11063,11067,11076,11082,11085,11086,11086,11090,11095,11100,11103,11105,11109,11112,11112,11113,11115,11116,11117,11120,11125,11127,11131,11133,11134,11135,11136,11138,11138,11142,11146,11146,11148,11149,11150,11151,11152,11152,11153,11153,11154,11154,11154,11154,11154,11155,11155,11155,11155,11155,11155,11155,11155,11155,11155,11156,11157,11157,11158,11159,11159,11160,11161,11161,11162,11162,11163,11163,11164,11164,11164,11164,11164,11164,11164,11164,11164,11164,11164,11164,11164,11164,11164,11164,11164,11164,11164,11164,11164,11164,11164,11164,11164,11164,11165,11165,11165,11166,11166,
0,25,44,63,84,98,114,128,155,184,219,256,308,348,389,433,478,529,580,635,702,783,851,932,999,1083,1172,1260,1357,1463,1557,1675,1812,1925,2073,2209,2359,2509,2661,2817,2983,3137,3327,3471,3622,3779,3941,4123,4304,4479,4647,4824,5021,5212,5373,5540,5700,5865,6030,6187,6336,6478,6609,6750,6866,6995,7137,7268,7396,7517,7630,7742,7863,7976,8085,8197,8286,8395,8475,8545,8614,8708,8781,8847,8931,8989,9061,9120,9179,9235,9288,9348,9402,9460,9502,9552,9598,9638,9670,9698,9730,9765,9795,9827,9861,9888,9914,9935,9958,9980,9999,10011,10034,10052,10072,10085,10103,10121,10137,10140,10154,10160,10168,10176,10182,10195,10203,10209,10217,10220,10227,10235,10239,10242,10248,10253,10257,10262,10265,10272,10279,10281,10283,10288,10289,10291,10292,10294,10295,10296,10296,10299,10301,10304,10307,10310,10311,10312,10313,10314,10316,10316,10317,10318,10319,10320,10321,10322,10323,10324,10325,10325,10326,10327,10327,10330,10332,10332,10332,10333,10334,10334,10334,10335,10335,10336,10336,10336,10337,10337,10338,10338,10338,10338,10338,10338,10338,10338,10338,10338,10338,10338,10338,10338,10338,10339,10339,10339,10339,10339,10340,10340,10340,10340,10340,10340,10340,10340,10340,10340,10340,10340,10340,10340,10341,10341,10341,10341,10341,10341,10341,10341,10341,10341,10341,10341,10341,10342,10342,10342,10342,10342,10342,10342,10342,10342,10342,10342,10342,10342,10342,10342,10342,10342,10342,10342,10342,10342,10342,10342,10342,10342,10342,10342,10342,10342,10342,10342,10342,10342,10342,10342,10342,10342,10342,
0,28,42,53,71,83,93,107,124,145,165,197,229,263,303,339,367,401,439,496,542,593,647,704,779,851,912,989,1089,1188,1293,1399,1519,1629,1769,1895,2037,2190,2330,2474,2632,2785,2946,3120,3280,3451,3663,3826,3988,4172,4326,4530,4726,4898,5093,5269,5455,5649,5832,6006,6172,6325,6481,6639,6822,7006,7141,7276,7414,7540,7660,7805,7922,8043,8156,8267,8386,8485,8579,8698,8797,8881,8976,9059,9158,9244,9310,9378,9453,9515,9577,9620,9678,9745,9793,9846,9883,9928,9975,10013,10049,10077,10109,10134,10157,10177,10201,10224,10249,10273,10299,10312,10330,10349,10362,10378,10387,10402,10417,10424,10434,10454,10461,10469,10478,10486,10494,10498,10510,10523,10526,10533,10537,10548,10555,10559,10560,10567,10570,10571,10572,10575,10579,10580,10583,10586,10586,10590,10592,10593,10595,10595,10597,10599,10602,10604,10605,10608,10610,10611,10612,10614,10618,10620,10621,10622,10622,10622,10622,10622,10622,10622,10625,10626,10627,10628,10630,10630,10630,10631,10632,10632,10632,10632,10632,10632,10632,10632,10632,10632,10634,10634,10634,10634,10634,10634,10636,10637,10637,10639,10639,10639,10639,10639,10639,10639,10639,10639,10639,10639,10639,10639,10639,10639,10639,10639,10639,10639,10639,10639,10639,10639,10639,10639,10639,10639,10639,10639,10639,10639,10639,10639,10639,10639,10639,10639,10639,10639,10639,10639,10639,10639,10639,10639,10639,10639,10639,10639,10639,10639,10639,10639,10639,10639,10639,10639,10639,10639,10639,10639,10639,10639,10639,10639,10639,10639,10639,10639,10639,10639,10639,10639,10639,10639,10639,10639,10639,10639,10639,10639,10639,10639,10639,10639,10639,10639,10639,10639,10639,10639,10639,10639,10639,10639,10639,10639,10639,10639,10639,10639,10639,10639,10639,10639,10639,10639,10639,10639,10639,10639,10639,10639,10639,10639,10639,10639,10639,10639,10639,10639,10639,10639,10639,10639,10639,10639,10639,
0,32,53,68,83,94,119,143,167,190,210,227,263,289,329,363,409,460,507,567,631,694,761,857,960,1031,1128,1245,1343,1468,1606,1771,1931,2074,2230,2384,2568,2728,2893,3101,3292,3481,3680,3884,4057,4270,4465,4689,4911,5126,5343,5537,5749,5939,6126,6322,6523,6711,6883,7055,7208,7394,7556,7724,7901,8084,8236,8378,8520,8645,8768,8896,9028,9153,9265,9374,9471,9562,9672,9778,9860,9939,10011,10099,10158,10224,10287,10350,10403,10462,10524,10571,10617,10660,10702,10747,10785,10835,10881,10916,10960,10998,11033,11066,11098,11128,11151,11174,11202,11225,11246,11267,11284,11300,11329,11344,11359,11371,11384,11392,11411,11419,11439,11445,11459,11470,11475,11486,11496,11504,11511,11516,11520,11532,11539,11547,11555,11566,11573,11581,11588,11594,11595,11600,11604,11607,11611,11611,11612,11614,11622,11625,11626,11627,11629,11634,11635,11637,11638,11639,11641,11641,11644,11646,11646,11646,11647,11648,11649,11650,11650,11651,11651,11652,11652,11653,11653,11653,11653,11654,11655,11655,11655,11656,11656,11656,11656,11656,11656,11656,11656,11656,11656,11656,11656,11656,11656,11657,11657,11658,11660,11661,11661,11662,11662,11662,11662,11662,11662,11662,11662,11662,11662,11662,11662,11662,11662,11662,11662,11662,11662,11663,11663,11663,11663,11663,11663,11663,11663,11663,11663,11663,11663,11663,11663,11663,11663,11663,11663,11663,11663,11663,
0,27,43,55,74,94,113,132,151,169,195,223,249,266,304,340,377,410,452,518,564,621,683,744,824,912,998,1084,1183,1297,1400,1509,1650,1798,1946,2113,2275,2406,2578,2757,2923,3124,3309,3502,3672,3856,4042,4212,4392,4569,4768,4986,5183,5367,5570,5792,6005,6196,6366,6555,6747,6959,7127,7310,7470,7629,7787,7927,8112,8250,8368,8520,8670,8829,8969,9090,9230,9346,9460,9593,9681,9788,9888,9981,10110,10192,10286,10379,10471,10542,10612,10691,10776,10830,10905,10963,11022,11086,11133,11172,11220,11266,11304,11343,11380,11402,11451,11492,11528,11559,11596,11619,11646,11669,11686,11703,11716,11746,11764,11780,11797,11817,11832,11846,11856,11868,11881,11896,11908,11914,11925,11937,11951,11966,11976,11984,11996,12002,12013,12022,12027,12032,12036,12044,12052,12058,12061,12065,12071,12074,12077,12082,12087,12090,12091,12092,12093,12095,12096,12098,12103,12103,12107,12108,12110,12111,12111,12111,12113,12113,12113,12115,12115,12115,12115,12116,12116,12118,12118,12119,12120,12120,12120,12121,12122,12122,12122,12122,12123,12123,12125,12125,12125,12126,12127,12129,12129,12129,12131,12131,12131,12131,12131,12132,12132,12132,12132,12132,12132,12132,12132,12132,12132,12132,12132,12132,12132,12132,12132,12132,12132,12132,12132,12132,12132,12134,12134,12134,12135,12135,12135,12135,12135,12136,12136,12136,12136,12136,12136,12136,12136,12136,
0,33,46,60,76,97,109,130,146,169,183,203,227,251,271,299,328,360,394,426,467,505,544,590,642,697,758,807,890,946,1016,1087,1177,1260,1361,1466,1571,1651,1757,1871,1982,2114,2238,2389,2530,2638,2775,2909,3063,3218,3372,3527,3668,3812,3938,4105,4235,4368,4503,4645,4766,4892,5039,5173,5298,5439,5554,5666,5788,5911,6015,6123,6225,6319,6428,6525,6624,6724,6826,6935,7022,7129,7215,7314,7394,7466,7534,7625,7700,7775,7842,7906,7966,8027,8094,8158,8204,8264,8323,8368,8410,8457,8482,8520,8560,8610,8647,8675,8712,8735,8766,8789,8814,8835,8863,8891,8917,8935,8956,8977,8985,9002,9010,9021,9034,9046,9058,9061,9075,9085,9092,9097,9105,9109,9112,9119,9125,9126,9133,9139,9146,9152,9156,9159,9165,9168,9171,9172,9174,9178,9180,9185,9189,9192,9193,9198,9202,9203,9205,9206,9207,9209,9212,9212,9212,9213,9214,9215,9218,9218,9218,9219,9222,9222,9223,9224,9224,9224,9224,9225,9225,9226,9226,9226,9226,9226,9226,9226,9226,9226,9226,9226,9226,9226,9226,9226,9226,9226,9226,9226,9226,9226,9226,9226,9226,9226,9226,9226,9226,9227,9227,9227,9227,9227,9228,9228,9228,9228,9228,9228,9228,9228,9228,9228,9228,9228,9228,9228,9228,9228,9228,9228,9228,9229,9229,9229,9229,9229,9229,9229,9229,9229,9229,9229,9229,9229,9229,9229,9229,9229,9229,9229,9229,9229,9229,9229,9229,9229,9229,9229,9229,9229,9229,9229,9229,9229,9229,9229,9229,9229,9229,9229,9229,9229,9229,9229,
0,28,52,62,74,84,93,110,128,144,170,193,209,225,252,272,300,330,358,388,420,457,494,532,569,623,673,730,790,847,901,972,1047,1107,1191,1252,1328,1412,1510,1603,1720,1821,1932,2050,2178,2321,2456,2591,2706,2842,2994,3153,3324,3475,3642,3770,3919,4086,4261,4429,4579,4750,4911,5068,5223,5375,5559,5729,5867,6024,6171,6320,6467,6595,6707,6846,6977,7083,7196,7306,7425,7529,7633,7732,7823,7910,8010,8106,8202,8290,8364,8442,8510,8577,8643,8703,8775,8836,8899,8957,9003,9056,9110,9166,9212,9253,9291,9338,9373,9402,9441,9472,9496,9520,9551,9575,9595,9621,9639,9658,9672,9683,9698,9708,9723,9733,9753,9765,9774,9788,9796,9803,9806,9813,9819,9827,9833,9839,9847,9851,9855,9856,9860,9865,9870,9874,9876,9877,9877,9878,9880,9882,9882,9882,9886,9887,9889,9890,9894,9895,9895,9895,9896,9896,9896,9896,9897,9899,9899,9899,9899,9901,9902,9902,9902,9903,9903,9903,9903,9904,9904,9904,9906,9906,9906,9907,9907,9907,9907,9907,9907,9907,9908,9908,9909,9909,9910,9910,9910,9910,9910,9910,9910,9910,9910,9910,9910,9910,9910,9910,9910,9910,9910,9910,9911,9911,9911,9911,9911,9911,9911,9911,9911,9911,9911,9911,9911,9911,9911,9911,9911,9911,9911,9911,9911,9911,9911,9911,9911,9911,9911,9911,9911,9911,9911,9911,9911,9911,9911,9911,9911,9911,9911,9911,9911,9911,9911,9911,9911,9911,9911,9911,9911,9911,9911,9911,9911,9911,9911,9911,9911,9911,9911,9911,9911,9911,9911,9911,9911,9911,9911,
0,32,46,60,69,80,99,115,127,149,172,199,224,251,280,310,349,387,424,449,490,534,581,625,681,746,828,897,971,1053,1129,1224,1323,1442,1560,1676,1777,1898,2005,2136,2267,2392,2506,2646,2797,2952,3093,3254,3400,3549,3693,3865,4016,4182,4343,4509,4654,4808,4990,5135,5285,5432,5598,5758,5896,6048,6196,6339,6462,6585,6724,6836,6971,7097,7220,7334,7442,7552,7667,7765,7868,7961,8055,8127,8217,8317,8386,8475,8541,8601,8651,8722,8790,8845,8897,8945,8994,9048,9091,9148,9189,9247,9289,9334,9367,9396,9430,9467,9503,9540,9578,9607,9640,9680,9713,9738,9770,9807,9836,9855,9880,9898,9921,9939,9960,9977,9984,9997,10006,10020,10030,10043,10052,10062,10074,10087,10099,10108,10117,10122,10127,10139,10151,10162,10171,10179,10182,10190,10194,10199,10202,10208,10213,10220,10224,10228,10230,10233,10238,10242,10246,10249,10250,10254,10258,10259,10261,10263,10266,10266,10269,10271,10271,10271,10272,10273,10275,10275,10275,10275,10275,10275,10275,10275,10275,10275,10275,10275,10275,10275,10275,10275,10275,10275,10275,10276,10276,10277,10277,10278,10278,10278,10278,10279,10279,10279,10279,10280,10281,10281,10281,10281,10283,10283,10283,10283,10283,10283,10283,10283,10283,10283,10283,10283,10283,10284,10284,10284,10284,10284,10284,10284,10284,10284,10284,10284,10284,10284,10284,10285,10285,10285,
0,35,46,59,70,86,99,110,126,155,184,205,235,266,300,333,386,436,492,537,615,667,734,818,896,972,1060,1134,1228,1335,1456,1576,1692,1847,1975,2108,2254,2411,2576,2715,2886,3028,3180,3344,3525,3694,3872,4042,4220,4402,4570,4736,4919,5111,5267,5419,5607,5760,5922,6101,6233,6363,6500,6645,6764,6887,7006,7132,7262,7380,7471,7585,7692,7775,7863,7965,8047,8132,8216,8294,8384,8459,8536,8601,8674,8746,8815,8866,8925,8988,9036,9097,9148,9197,9258,9308,9362,9404,9441,9487,9532,9569,9597,9636,9665,9712,9751,9783,9805,9831,9855,9870,9893,9916,9932,9948,9970,9973,9993,10008,10021,10044,10059,10077,10092,10105,10116,10124,10138,10148,10156,10167,10176,10186,10195,10203,10208,10213,10217,10222,10224,10229,10234,10240,10242,10244,10250,10257,10261,10268,10271,10272,10275,10279,10280,10285,10290,10297,10299,10302,10307,10311,10315,10319,10323,10327,10329,10331,10331,10332,10334,10335,10337,10338,10339,10340,10341,10342,10346,10347,10347,10347,10349,10349,10350,10350,10350,10350,10351,10352,10352,10352,10352,10353,10353,10354,10354,10354,10354,10354,10355,10355,10355,10355,10355,10355,10355,10355,10355,10355,10355,10355,10355,10355,10355,10355,10355,10355,10355,10356,10356,10356,10356,10356,10356,10356,10356,10356,10356,10356,10356,10356,10356,
0,29,45,56,67,80,99,119,136,149,173,210,234,266,302,333,373,413,477,529,579,626,693,743,826,891,968,1042,1132,1233,1329,1421,1520,1634,1751,1852,2000,2132,2260,2425,2572,2740,2901,3059,3212,3382,3527,3699,3865,4037,4203,4366,4522,4677,4862,5024,5203,5411,5577,5736,5909,6064,6245,6432,6605,6765,6918,7082,7251,7400,7526,7672,7842,7979,8140,8277,8428,8541,8660,8757,8864,8964,9077,9176,9283,9388,9488,9565,9637,9714,9787,9844,9924,9982,10041,10099,10152,10199,10245,10301,10352,10403,10447,10492,10538,10574,10607,10636,10665,10695,10714,10738,10769,10796,10808,10819,10844,10858,10874,10890,10905,10926,10941,10953,10964,10980,10993,11001,11012,11021,11032,11039,11047,11051,11057,11069,11079,11083,11091,11094,11097,11101,11104,11106,11109,11113,11114,11118,11120,11124,11128,11130,11133,11137,11140,11141,11144,11146,11149,11151,11151,11154,11154,11154,11155,11157,11157,11159,11161,11162,11164,11165,11167,11169,11169,11169,11169,11171,11172,11174,11175,11175,11176,11177,11177,11177,11178,11178,11179,11180,11180,11180,11180,11181,11181,11182,11182,11182,11183,11184,11185,11185,11185,11185,11185,11186,11186,11187,11187,11188,11188,11189,11189,11189,11189,11189,11189,11189,11189,11189,11189,11189,
0,22,45,67,82,94,108,128,140,159,170,198,219,244,284,311,343,382,419,463,505,560,614,675,732,798,868,940,1027,1113,1209,1303,1396,1503,1613,1738,1865,1994,2124,2271,2406,2548,2716,2874,3046,3220,3383,3532,3699,3868,4024,4203,4373,4537,4722,4902,5053,5202,5364,5517,5688,5849,5988,6181,6317,6449,6598,6728,6870,6971,7095,7194,7297,7407,7525,7613,7714,7805,7888,7973,8052,8132,8208,8294,8367,8444,8518,8586,8645,8704,8756,8801,8846,8902,8945,8986,9027,9071,9104,9146,9178,9208,9235,9261,9282,9302,9324,9346,9365,9385,9409,9422,9436,9453,9463,9475,9481,9492,9504,9511,9523,9535,9542,9551,9553,9557,9564,9572,9577,9583,9596,9600,9604,9611,9616,9625,9629,9632,9632,9640,9643,9645,9647,9648,9648,9648,9648,9650,9651,9655,9658,9659,9662,9663,9663,9663,9663,9663,9663,9664,9664,9665,9666,9666,9666,9667,9667,9668,9668,9668,9668,9669,9670,9670,9670,9670,9671,9671,9671,9673,9673,9673,9673,9673,9673,9673,9673,9673,9673,9673,9674,9674,9675,9675,9675,9675,9675,9675,9675,9675,9675,9675,9675,9676,9676,9676,9676,9677,9677,9678,9678,9678,9678,9678,9678,9678,9678,9678,9678,9678,9679,9679,
0,32,52,66,76,97,109,126,142,160,178,205,231,263,285,324,361,390,434,482,540,578,632,679,744,811,871,946,1028,1127,1227,1321,1418,1512,1626,1724,1835,1948,2069,2210,2342,2469,2636,2796,2944,3106,3252,3417,3605,3767,3920,4089,4271,4435,4618,4798,4982,5152,5293,5477,5630,5779,5946,6094,6235,6380,6513,6655,6797,6919,7031,7162,7271,7388,7503,7602,7709,7813,7899,7989,8093,8181,8263,8348,8429,8505,8576,8641,8711,8767,8826,8880,8922,8977,9026,9083,9119,9156,9189,9234,9275,9316,9351,9393,9426,9465,9498,9516,9541,9563,9587,9612,9635,9661,9684,9701,9722,9743,9759,9770,9788,9800,9811,9825,9839,9853,9867,9875,9886,9894,9908,9920,9924,9931,9942,9947,9956,9965,9973,9979,9986,9993,9996,10001,10005,10015,10019,10022,10027,10032,10036,10037,10043,10049,10054,10054,10055,10059,10061,10063,10066,10068,10068,10069,10069,10072,10075,10075,10075,10076,10077,10078,10080,10082,10083,10085,10088,10088,10088,10091,10092,10092,10093,10093,10093,10093,10097,10097,10098,10099,10101,10101,10101,10101,10101,10101,10101,10104,10105,10105,10105,10105,10105,10105,10107,10109,10111,10111,10112,10113,10114,10114,10114,10116,10116,10116,10116,10116,10116,10116,10116,10116,10117,10117,10117,10117,10117,10117,10117,10117,10117,10117,10117,10117,10117,10117,10117,10117,10117,
0,35,49,64,79,93,115,133,153,180,210,241,269,298,326,390,433,488,546,605,659,717,780,848,939,1024,1114,1230,1350,1447,1568,1674,1818,1946,2075,2232,2358,2503,2664,2814,2961,3104,3250,3401,3552,3713,3867,4024,4211,4373,4541,4687,4815,4976,5130,5271,5424,5566,5710,5823,5957,6091,6206,6331,6444,6553,6665,6766,6886,6970,7062,7172,7256,7334,7417,7512,7591,7668,7748,7837,7907,7967,8024,8087,8158,8220,8288,8349,8416,8467,8520,8567,8610,8652,8698,8750,8786,8824,8860,8904,8939,8972,8997,9023,9062,9089,9116,9140,9173,9196,9220,9246,9258,9272,9289,9303,9317,9338,9355,9372,9382,9389,9395,9401,9404,9416,9422,9428,9435,9442,9452,9461,9473,9482,9495,9501,9507,9509,9514,9519,9519,9525,9525,9531,9532,9535,9536,9539,9541,9543,9548,9549,9551,9555,9555,9557,9557,9557,9560,9562,9562,9562,9563,9565,9566,9567,9567,9568,9569,9569,9571,9572,9573,9573,9574,9574,9574,9576,9576,9576,9577,9577,9577,9577,9577,9578,9578,9578,9578,9579,9580,9580,9580,9580,9580,9580,9580,9580,9580,9580,9580,9581,9581,9582,9582,9582,9582,9582,9582,9582,9582,9582,9582,9582,9582,9582,9582,9582,9582,9582,9582,9582,9582,9582,9582,9582,9582,9582,9582,9582,9582,9582,9582,9582,9582,9582,9582,9582,9582,9582,9582,9582,9582,9582,9582,9582,9582,9582,9582,9582,9582,9582,9582,9582,9583,9583,9583,9583,9583,9583,9583,9583,9583,9583,9583,9583,9583,9583,9583,9583,9583,9583,9583,9583,9583,9583,9583,9583,9583,9583,9583,9583,9583,9583,9583,9583,9583,9583,9583,9583,9583,9583,9583,9583,9583,9583,9583,9583,9583,9583,9583,9583,9583,9583,9583,9583,9583,9583,9583,9583,9583,9583,9583,9583,9583,9583,9583,9583,9583,9583,9583,9583,9583,9583,9583,9583,9583,9583,9583,9583,9583,9583,9583,9583,9583,9583,9583,9583,9583,
0,35,50,66,83,100,112,125,147,169,189,210,242,267,294,327,363,400,440,495,552,600,653,713,774,872,958,1027,1098,1178,1266,1371,1468,1573,1691,1781,1892,2014,2138,2244,2369,2516,2656,2813,2941,3083,3203,3355,3493,3639,3761,3879,3997,4122,4246,4357,4476,4577,4700,4817,4925,5042,5145,5251,5360,5442,5538,5632,5728,5793,5882,5983,6083,6156,6233,6320,6395,6470,6534,6600,6662,6737,6794,6842,6907,6962,7013,7057,7102,7162,7205,7240,7276,7305,7337,7363,7399,7436,7467,7507,7534,7559,7588,7613,7631,7647,7663,7678,7696,7708,7720,7733,7743,7768,7780,7790,7795,7806,7819,7834,7843,7852,7860,7866,7871,7879,7891,7897,7910,7918,7925,7933,7938,7944,7951,7957,7962,7970,7977,7986,7995,8001,8016,8024,8027,8032,8043,8050,8053,8065,8070,8073,8079,8086,8091,8095,8102,8109,8115,8117,8119,8124,8133,8138,8144,8147,8155,8163,8170,8175,8180,8186,8195,8200,8204,8207,8210,8213,8215,8218,8220,8222,8225,8228,8229,8231,8235,8235,8235,8238,8240,8241,8244,8246,8248,8252,8255,8258,8259,8261,8262,8263,8264,8265,8267,8268,8271,8272,8272,8275,8276,8277,8277,8277,8278,8279,8279,8280,8280,8281,8282,8283,8283,8283,8283,8284,8284,8284,8284,8284,8285,8285,8285,8285,8285,8285,8287,8287,8287,8287,8287,8287,8287,8287,8287,8288,8288,8288,8288,8288,8288,8288,8288,8288,8288,8288,8288,8288,8288,8288,8288,8288,8288,8288,8288,8288,8289,8289,8289,8289,8289,8289,8289,8289,8289,8289,8289,8289,8289,8289,8289,8289,8289,8289,8289,8289,8289,8289,8289,8289,8289,8289,8289,8289,8289,8289,8289,8289,8289,8289,8289,8289,8289,
0,38,55,68,85,99,117,129,154,172,187,206,230,255,275,299,345,382,417,462,513,571,627,668,730,802,873,944,1028,1118,1206,1322,1420,1521,1639,1755,1883,2021,2143,2287,2412,2575,2728,2887,3052,3213,3398,3567,3755,3942,4141,4319,4530,4728,4907,5086,5264,5459,5663,5862,6069,6276,6459,6619,6788,6947,7117,7286,7453,7610,7761,7910,8064,8181,8316,8434,8568,8689,8800,8907,9006,9113,9239,9358,9451,9555,9649,9743,9835,9910,9986,10071,10151,10198,10262,10322,10365,10429,10477,10526,10588,10633,10681,10713,10754,10795,10846,10869,10908,10942,10977,11015,11051,11070,11089,11111,11140,11157,11180,11198,11216,11243,11257,11271,11289,11301,11323,11339,11347,11358,11368,11385,11393,11401,11413,11424,11429,11440,11450,11458,11464,11469,11475,11479,11484,11493,11499,11505,11509,11513,11518,11521,11526,11529,11532,11536,11540,11541,11545,11548,11550,11551,11558,11560,11562,11564,11564,11564,11564,11566,11567,11569,11569,11571,11571,11572,11572,11572,11572,11574,11575,11577,11578,11579,11580,11580,11580,11581,11581,11582,11582,11582,11582,11582,11582,11582,11583,11583,11583,11583,11583,11585,11586,11586,11586,11586,11587,11589,11590,11590,11590,11591,11591,11592,11592,11592,11592,11592,11592,11592,11592,11592,11592,11592,11592,11592,11592,11592,11592,11593,11593,11593,11593,11593,11593,
0,22,44,58,67,84,100,114,127,147,170,184,216,246,264,303,329,370,402,443,505,552,624,691,760,834,919,1006,1112,1200,1309,1445,1544,1668,1785,1929,2071,2237,2374,2556,2722,2884,3034,3187,3327,3510,3662,3803,3974,4137,4280,4443,4606,4756,4905,5076,5217,5366,5507,5642,5790,5932,6071,6228,6374,6503,6619,6738,6855,6982,7113,7222,7313,7409,7504,7594,7700,7783,7888,7963,8030,8124,8204,8266,8324,8403,8463,8529,8588,8639,8697,8756,8815,8856,8904,8959,9007,9052,9086,9127,9161,9193,9221,9249,9276,9297,9320,9345,9372,9393,9407,9423,9441,9457,9469,9481,9491,9500,9512,9521,9532,9543,9556,9568,9577,9584,9593,9605,9612,9613,9621,9627,9634,9637,9640,9644,9646,9649,9654,9657,9659,9664,9664,9668,9673,9677,9677,9679,9680,9682,9684,9684,9687,9689,9691,9693,9697,9697,9697,9699,9699,9700,9700,9701,9702,9704,9705,9706,9707,9707,9707,9707,9708,9708,9708,9709,9711,9711,9711,9711,9711,9712,9713,9713,9713,9713,9713,9713,9715,9715,9715,9716,9716,9717,9717,9719,9719,9719,9720,9720,9720,9721,9722,9723,9723,9723,9723,9723,9723,9723,9723,9723,9723,9723,9723,9723,9723,9723,9723,9723,9723,9723,9723,9723,9723,9723,9724,9724,9724,9724,9724,9724,9724,9724,9724,9724,9724,9724,9724,9724,9724,9724,9724,9724,9724,9724,9724,9724,9724,9724,9724,9724,9724,9724,9724,9724,9724,9724,9724,9724,9724,9724,9724,9724,9724,9724,9724,9724,9724,9724,9724,9724,9724,9724,9724,9724,9724,9724,9724,9724,9724,9724,9724,9724,9724,9724,9724,9724,9724,9724,9724,9724,9724,9724,
0,31,50,67,86,110,130,146,164,185,206,228,250,270,294,327,347,385,431,470,514,566,625,679,747,817,880,939,1033,1124,1227,1319,1419,1507,1621,1734,1848,1968,2078,2195,2304,2426,2558,2698,2814,2956,3122,3264,3393,3542,3692,3849,3979,4121,4270,4420,4566,4733,4880,5040,5194,5330,5466,5613,5766,5899,6043,6195,6328,6458,6587,6700,6803,6905,7007,7109,7210,7304,7401,7502,7583,7674,7778,7860,7933,8011,8082,8147,8202,8252,8317,8369,8419,8460,8503,8546,8587,8637,8673,8715,8749,8792,8825,8854,8880,8918,8938,8963,8984,9009,9024,9040,9060,9077,9098,9117,9135,9154,9172,9181,9191,9207,9222,9231,9243,9256,9269,9282,9288,9296,9303,9315,9322,9329,9335,9344,9353,9365,9367,9369,9375,9379,9382,9386,9389,9393,9398,9403,9406,9409,9410,9414,9415,9415,9415,9417,9419,9421,9421,9422,9423,9424,9426,9428,9428,9428,9430,9433,9434,9436,9436,9438,9439,9439,9439,9439,9440,9440,9442,9444,9444,9444,9444,9444,9444,9444,9444,9444,9444,9444,9444,9444,9444,9444,9444,9444,9444,9444,9444,9444,9444,9444,9444,9444,9444,9444,9444,9444,9444,9444,9444,9444,9444,9445,9445,9445,9445,9445,9445,9445,9445,9445,9445,9445,9445,9446,9446,9446,9446,9446,9446,9446,9446,9446,9446,9446,9446,9446,9446,9446,9446,9446,9446,9447,9447,9447,9447,9447,9447,9447,9447,9447,9447,9447,9447,9447,9447,9447,9447,9447,9447,9447,9447,9447,9447,9447,9447,9447,9447,9447,9447,9447,9447,9447,9447,9447,9447,9447,9447,9447,9447,9447,9447,9447,9447,9447,9447,9447,9447,9447,9447,9447,9447,9447,9447,9447,9447,9447,9447,9447,9447,9447,9447,9447,9447,9447,9447,9447,9447,9447,9447,9447,9447,9447,9447,9447,9447,9447,9447,9447,9447,9447,9447,9447,9447,9447,9447,9447,9447,9447,9447,
0,32,49,63,79,87,95,109,124,137,157,177,188,212,228,250,279,303,336,372,411,454,496,536,595,670,732,803,887,946,1046,1122,1233,1339,1449,1542,1676,1801,1915,2021,2161,2281,2424,2575,2711,2859,3019,3195,3345,3494,3649,3838,4004,4158,4326,4502,4667,4822,4994,5148,5305,5449,5604,5740,5866,6015,6165,6290,6420,6550,6675,6800,6914,7037,7140,7236,7321,7421,7497,7584,7664,7737,7809,7890,7944,8011,8080,8128,8179,8224,8281,8327,8360,8386,8412,8448,8468,8494,8517,8546,8572,8589,8621,8641,8660,8681,8697,8716,8733,8756,8772,8787,8807,8824,8835,8852,8869,8876,8887,8893,8899,8905,8910,8916,8922,8923,8930,8936,8941,8946,8948,8952,8955,8960,8962,8964,8971,8974,8978,8979,8983,8987,8990,8993,8995,8995,8999,9000,9002,9003,9004,9004,9004,9008,9008,9010,9012,9013,9014,9015,9017,9017,9018,9019,9019,9021,9023,9024,9025,9026,9027,9027,9028,9028,9028,9028,9029,9029,9030,9030,9030,9030,9032,9032,9033,9033,9033,9033,9034,9035,9035,9036,9036,9036,9036,9036,9036,9037,9037,9037,9037,9038,9038,9038,9038,9038,9038,9038,9038,9038,9038,9038,9038,9038,9038,9038,9038,9038,9038,9038,9038,9038,9038,9038,9038,9038,9038,9038,9038,9038,9038,9038,9038,9038,9038,9038,9038,9038,9038,9038,9038,9038,9038,9038,9038,9038,9038,9038,9038,9038,9038,9038,9038,9038,9038,9038,9038,9038,9038,9038,9038,9038,9038,9038,9038,9038,9038,9038,9038,9038,9038,9038,9038,9038,9038,9038,9038,9038,9038,9038,9038,9038,9038,9038,9038,9038,9038,9038,9038,9038,9038,9038,9038,9038,9038,9038,9038,9038,9038,9038,9038,9038,9038,9038,9038,9038,9038,9038,9038,9038,9038,9038,9038,9038,9038,9038,9038,9038,9038,9038,9038,9038,9038,9038,9038,9038,9038,9038,9038,9038,9038,9038,9038,9038,9038,9038,9038,9038,9038,9038,9038,9038,9038,9038,9038,9038,9038,9038,9038,9038,9038,9038,9038,9038,9038,9038,9038,9038,9038,9038,9038,9038,9038,9038,9038,9038,9038,9038,9038,9038,9038,9038,9038,9038,9038,9038,9038,9038,9038,9038,9038,9038,9038,9038,9038,9038,9038,9038,9038,9038,9038,9038,9038,9038,9038,9038,9038,9038,9038,9038,9038,9038,9038,9038,9038,9038,9038,9038,9038,9038,9038,9038,9038,9038,9038,9038,9038,9038,9038,9038,9038,9038,9038,9038,9038,9038,9038,9038,9038,9038,9038,9038,9038,9038,9038,9038,9038,9038,9038,9038,9038,9038,9038,9038,9038,9038,9038,9038,9038,9038,9038,9038,9038,9038,9038,9038,9038,9038,9038,9038,9038,9038,9038,
0,33,50,61,73,87,97,112,135,153,169,194,219,253,281,304,334,371,405,439,487,529,587,635,695,747,809,875,956,1036,1133,1216,1326,1411,1519,1619,1734,1867,1990,2115,2249,2370,2518,2638,2788,2903,3031,3168,3311,3450,3577,3703,3840,3970,4091,4206,4307,4419,4551,4676,4797,4922,5037,5152,5263,5367,5481,5571,5689,5793,5897,5994,6107,6191,6284,6369,6439,6521,6592,6658,6741,6819,6873,6943,7005,7079,7148,7216,7277,7339,7396,7443,7496,7531,7574,7616,7676,7706,7743,7776,7808,7837,7866,7888,7919,7942,7965,7987,8010,8025,8044,8069,8081,8098,8112,8133,8142,8156,8178,8188,8195,8201,8216,8220,8237,8244,8249,8254,8262,8270,8276,8280,8287,8294,8297,8302,8306,8309,8313,8313,8314,8318,8319,8322,8324,8328,8330,8332,8335,8339,8342,8343,8347,8348,8351,8353,8354,8355,8355,8356,8358,8360,8360,8361,8361,8362,8364,8364,8364,8364,8365,8366,8367,8368,8368,8368,8369,8369,8369,8370,8370,8370,8370,8370,8370,8370,8370,8370,8370,8370,8370,8370,8370,8370,8370,8370,8370,8370,8370,8370,8370,8370,8371,8371,8371,8371,8371,8371,8372,8372,8372,8372,8372,8372,8372,8372,8372,8372,8372,8372,8372,8372,8372,8372,8372,8372,8372,8372,8372,8372,8372,8372,8372,8372,8372,8372,8372,8372,8372,8372,8372,8372,8372,8372,8372,8372,8372,8372,8372,8372,8372,8372,8372,8372,8372,8372,8372,8372,8372,8372,8372,8372,8372,8372,8372,8372,8372,8372,8372,8372,8372,8372,8372,8372,8372,8372,8372,8372,8372,8372,8372,8372,8372,8372,
0,28,44,56,66,88,111,130,158,182,211,234,265,300,335,388,435,484,543,602,661,730,821,892,973,1041,1128,1214,1305,1392,1499,1603,1714,1836,1952,2074,2204,2334,2470,2645,2831,2978,3170,3320,3485,3681,3848,4037,4226,4402,4579,4750,4913,5102,5293,5474,5664,5835,6004,6187,6342,6481,6639,6792,6959,7114,7265,7411,7558,7690,7808,7937,8053,8192,8322,8443,8552,8658,8762,8875,8982,9092,9182,9270,9337,9413,9495,9574,9658,9721,9779,9829,9890,9946,9998,10032,10081,10126,10172,10219,10263,10290,10332,10365,10399,10425,10455,10488,10518,10547,10570,10596,10618,10635,10662,10675,10687,10703,10715,10725,10740,10751,10762,10774,10785,10794,10802,10816,10822,10826,10831,10843,10845,10851,10855,10862,10865,10866,10871,10875,10877,10883,10886,10886,10889,10890,10893,10897,10901,10902,10904,10905,10907,10911,10912,10913,10914,10916,10917,10917,10917,10918,10919,10919,10920,10921,10921,10923,10923,10923,10925,10925,10926,10926,10926,10927,10927,10927,10927,10927,10927,10927,10927,10927,10927,10927,10927,10927,10928,10928,10928,10928,10928,10928,10928,10928,10928,10928,10928,10928,10928,10928,10928,10928,10928,10928,10928,10928,10928,10928,10928,10928,10928,10928,10928,10928,10928,10928,10928,10928,10928,10928,10928,10928,10928,10928,10928,10928,10928,10928,10928,10928,10928,10928,10928,10928,10928,10928,10928,10928,10928,10928,10928,10928,10928,10928,10928,10928,10928,10928,10928,10928,10928,10928,10928,10928,10928,10928,10928,10928,10928,10928,10928,10928,10928,10928,10928,10928,10928,10928,10928,10928,10928,10928,10928,10928,10928,10928,10928,10928,10928,10928,10928,10928,10928,10928,10928,10928,10928,10928,10928,10928,10928,10928,10928,10928,10928,10928,10928,10928,10928,10928,10928,10928,10928,10928,10928,10928,10928,10928,10928,10928,10928,10928,
0,18,36,57,70,81,94,116,131,149,176,201,223,249,279,307,355,391,435,490,535,595,650,723,806,890,970,1059,1156,1256,1356,1474,1608,1734,1860,1972,2091,2222,2381,2518,2667,2832,2971,3166,3339,3523,3692,3857,4026,4219,4398,4593,4784,4962,5117,5282,5446,5642,5815,5978,6146,6322,6494,6644,6800,6938,7077,7204,7353,7501,7642,7770,7900,8011,8145,8259,8373,8493,8576,8680,8773,8860,8941,9027,9101,9179,9251,9307,9386,9444,9502,9562,9608,9652,9706,9745,9790,9830,9865,9910,9948,9988,10028,10065,10091,10126,10157,10188,10211,10232,10258,10284,10312,10336,10357,10382,10398,10410,10429,10447,10460,10467,10487,10504,10516,10525,10533,10542,10549,10554,10560,10564,10573,10577,10579,10585,10588,10594,10599,10605,10610,10615,10618,10621,10634,10641,10650,10652,10654,10660,10662,10665,10667,10667,10669,10672,10673,10675,10675,10679,10683,10683,10685,10686,10687,10692,10692,10695,10696,10696,10696,10696,10699,10700,10701,10701,10701,10705,10706,10708,10710,10712,10713,10715,10716,10716,10718,10719,10719,10720,10720,10722,10722,10722,10722,10722,10723,10723,10723,10724,10724,10724,10724,10724,10724,10724,10724,10724,10724,10724,10724,10724,10724,10724,10724,10724,10724,10724,10724,10724,10724,10724,10725,10726,10726,10726,10726,10726,10727,10727,10727,10727,10727,10727,10727,10727,10727,10727,10727,10727,10727,10727,10727,10727,10727,10727,10727,10727,10727,10727,10727,10727,10727,10727,10727,10727,10727,10727,10727,10727,10727,10728,10728,10728,10728,10728,10728,10728,10728,10728,10728,10728,10728,10728,10728,10728,10728,10728,10728,10728,10728,10728,10728,10728,10728,10729,10729,10729,10729,10729,10729,10729,10729,10729,10729,10729,10729,10729,10729,10729,10729,10729,10729,10729,10729,10729,10729,10729,10729,10729,10729,10729,10729,10729,10729,10729,10729,10729,10729,10729,10729,10729,10729,10729,10729,10729,10729,10729,10729,10729,10729,10729,10729,
0,27,42,61,78,89,108,124,139,154,169,192,211,241,268,298,346,390,429,469,517,563,613,688,767,842,903,975,1051,1159,1249,1346,1461,1567,1693,1816,1957,2082,2204,2340,2500,2641,2798,2972,3120,3300,3468,3635,3820,4001,4197,4351,4531,4692,4857,5034,5227,5382,5568,5768,5964,6127,6306,6466,6632,6801,6967,7131,7279,7423,7585,7737,7857,7996,8138,8244,8348,8435,8524,8612,8705,8794,8895,8976,9050,9133,9213,9285,9352,9412,9491,9538,9600,9644,9694,9738,9792,9844,9888,9918,9959,10001,10036,10066,10100,10125,10160,10185,10198,10221,10242,10267,10280,10298,10323,10343,10364,10380,10395,10408,10423,10434,10446,10454,10462,10474,10482,10490,10494,10499,10501,10507,10514,10521,10525,10527,10533,10541,10544,10547,10549,10550,10554,10555,10556,10563,10564,10564,10567,10571,10572,10574,10574,10575,10575,10577,10578,10581,10582,10584,10586,10587,10587,10587,10588,10589,10589,10589,10589,10589,10589,10589,10589,10590,10590,10590,10591,10591,10593,10593,10594,10595,10595,10595,10595,10595,10595,10595,10596,10596,10596,10596,10596,10596,10596,10596,10596,10596,10596,10596,10596,10597,10597,10597,10597,10597,10597,10597,10597,10597,10597,10597,10597,10597,10597,10597,10597,10597,10597,10597,10597,10597,10597,10597,10597,10597,10597,10597,10597,10597,10597,10597,10597,10597,10597,10597,10598,10598,10598,10598,10598,10598,10598,10598,10598,
0,28,39,53,62,77,99,133,159,181,206,235,264,288,330,377,427,466,503,555,627,690,761,830,911,1001,1096,1198,1282,1381,1486,1579,1704,1808,1926,2049,2185,2329,2465,2615,2739,2882,3011,3168,3338,3488,3649,3816,3979,4105,4254,4421,4586,4758,4917,5089,5244,5413,5580,5743,5914,6072,6239,6373,6511,6659,6796,6936,7068,7191,7326,7449,7573,7680,7797,7908,8021,8110,8199,8298,8385,8465,8541,8609,8693,8771,8854,8909,8970,9038,9096,9140,9203,9254,9311,9360,9403,9443,9489,9522,9563,9607,9627,9651,9675,9705,9729,9754,9787,9814,9832,9858,9888,9914,9935,9943,9968,9983,9999,10017,10033,10043,10057,10070,10081,10088,10099,10109,10120,10126,10134,10141,10148,10154,10160,10168,10175,10178,10184,10189,10194,10198,10204,10209,10212,10213,10214,10218,10225,10227,10227,10229,10229,10231,10233,10237,10240,10241,10244,10247,10249,10250,10252,10253,10254,10254,10255,10256,10257,10258,10259,10260,10260,10261,10261,10262,10262,10262,10262,10262,10263,10263,10263,10263,10265,10266,10266,10266,10266,10266,10268,10269,10269,10270,10270,10270,10270,10270,10270,10270,10271,10271,10271,10271,10271,10271,10271,10271,10272,10272,10272,10272,10272,10272,10272,10272,10272,10272,10272,10272,10272,10272,10272,10272,10272,10272,10272,10272,10272,10272,10272,10272,10272,10272,10272,10272,10272,10272,10272,10272,10272,10272,10272,10272,10272,10272,10273,10273,10273,10273,10273,10273,10273,10273,10273,10273,10273,10273,10273,10273,10273,10273,10273,10273,10273,10273,10273,10273,10273,10273,10273,10273,10273,10273,10273,10273,10273,10273,
0,24,46,59,74,87,109,132,157,191,205,231,257,286,319,352,391,429,476,518,570,621,686,744,817,893,972,1051,1120,1218,1313,1428,1522,1625,1762,1892,2016,2148,2281,2433,2626,2789,2941,3135,3287,3442,3597,3765,3915,4093,4267,4446,4630,4807,4973,5143,5295,5443,5621,5780,5918,6088,6251,6387,6536,6682,6814,6946,7069,7190,7320,7444,7544,7649,7763,7856,7952,8049,8138,8230,8333,8434,8504,8576,8635,8712,8786,8864,8925,9002,9054,9119,9175,9228,9292,9345,9386,9425,9454,9492,9530,9569,9594,9626,9651,9669,9699,9727,9749,9775,9793,9811,9830,9847,9864,9880,9901,9915,9929,9937,9945,9960,9976,9989,10000,10006,10011,10021,10025,10028,10032,10039,10039,10040,10044,10048,10053,10056,10058,10063,10067,10069,10072,10073,10076,10079,10079,10079,10080,10080,10081,10082,10084,10086,10087,10090,10091,10091,10093,10095,10096,10097,10098,10100,10100,10100,10100,10100,10102,10103,10103,10105,10106,10106,10106,10107,10107,10107,10107,10108,10108,10108,10109,10109,10109,10110,10110,10110,10111,10111,10111,10111,10111,10111,10111,10111,10111,10111,10111,10111,10111,10112,10112,10112,10112,10112,10113,10113,10113,10114,10114,10114,10114,10114,10114,10114,10114,10114,10114,10114,10114,10114,10114,10114,10114,10114,10114,10114,10114,10114,10114,10114,10114,10114,10114,10114,10114,10114,10114,10114,10114,10114,
0,35,51,67,83,100,111,126,141,167,186,209,243,283,316,355,393,435,466,499,542,604,665,744,805,894,975,1077,1177,1291,1384,1484,1593,1704,1829,1953,2081,2228,2382,2529,2670,2839,3014,3196,3355,3532,3710,3902,4068,4257,4430,4616,4793,4963,5124,5276,5441,5620,5756,5896,6037,6204,6330,6442,6560,6694,6811,6921,7026,7141,7237,7351,7444,7521,7613,7691,7756,7827,7901,7967,8043,8102,8164,8222,8277,8323,8373,8417,8472,8520,8576,8613,8653,8710,8752,8786,8826,8878,8912,8950,8990,9023,9057,9086,9117,9156,9183,9204,9232,9262,9285,9306,9338,9361,9390,9411,9433,9451,9475,9488,9501,9515,9532,9546,9562,9574,9585,9601,9613,9625,9640,9649,9658,9670,9676,9690,9702,9712,9719,9726,9733,9737,9749,9757,9761,9773,9784,9788,9795,9803,9810,9816,9823,9828,9834,9844,9846,9846,9852,9854,9855,9858,9860,9862,9864,9864,9865,9866,9867,9868,9871,9871,9873,9875,9875,9875,9875,9875,9876,9877,9879,9880,9881,9881,9881,9882,9882,9883,9883,9884,9884,9885,9886,9886,9887,9888,9888,9889,9889,9890,9890,9890,9890,9890,9891,9891,9891,9892,9892,9892,9892,9892,9892,9892,9892,9892,9893,9893,9893,9893,9893,9893,9894,9894,9894,9894,9894,9896,9896,9897,9897,9897,9897,9898,9898,9898,9898,9898,9898,9898,9898,9898,9898,9898,9898,9898,9898,9899,9899,9899,9899,9899,9899,9899,9899,9899,9899,9899,9899,9899,9899,9899,9899,9899,9899,9899,9899,9899,9899,9899,9899,9899,9899,
0,29,46,75,91,112,129,142,161,184,217,247,282,324,356,392,441,492,547,616,681,744,818,898,992,1074,1154,1260,1374,1467,1578,1697,1823,1969,2103,2225,2381,2511,2666,2814,2950,3098,3239,3392,3556,3702,3869,4042,4211,4351,4527,4709,4855,5024,5209,5401,5582,5748,5897,6075,6234,6365,6540,6691,6844,6968,7104,7259,7397,7530,7640,7752,7866,7971,8081,8180,8274,8362,8466,8554,8649,8729,8816,8908,8989,9045,9113,9170,9227,9262,9301,9356,9399,9448,9508,9555,9593,9629,9669,9709,9748,9782,9830,9865,9893,9925,9950,9971,9989,10010,10029,10046,10065,10091,10109,10130,10141,10152,10169,10183,10198,10213,10224,10232,10239,10245,10251,10258,10268,10272,10274,10278,10283,10286,10289,10291,10298,10300,10303,10306,10306,10309,10311,10315,10318,10319,10319,10321,10323,10324,10325,10327,10328,10329,10330,10331,10335,10337,10340,10342,10345,10348,10348,10349,10350,10350,10351,10353,10355,10355,10357,10357,10358,10358,10359,10359,10359,10359,10359,10359,10359,10360,10360,10360,10360,10360,10360,10360,10360,10360,10360,10361,10361,10361,10361,10361,10361,10361,10361,10361,10361,10361,10361,10361,10361,10361,10361,10361,10361,10361,10361,10361,10361,10361,10361,10361,10361,10361,10361,10361,10361,10361,10361,10361,10361,10361,10361,
0,32,49,57,74,90,105,127,150,173,180,200,220,242,268,289,320,346,380,418,464,506,541,573,622,673,717,785,855,924,992,1071,1144,1251,1343,1458,1554,1683,1799,1910,2031,2162,2283,2458,2604,2747,2919,3072,3246,3391,3546,3700,3857,4012,4172,4313,4471,4636,4797,4963,5106,5251,5393,5548,5687,5806,5938,6091,6209,6318,6451,6589,6694,6820,6928,7045,7155,7256,7344,7479,7568,7656,7744,7834,7903,7983,8063,8148,8229,8299,8375,8443,8496,8560,8618,8678,8729,8778,8816,8870,8916,8958,9002,9037,9065,9105,9127,9153,9177,9207,9234,9258,9281,9305,9325,9338,9356,9373,9395,9409,9422,9444,9461,9477,9491,9500,9515,9524,9535,9540,9544,9555,9565,9575,9582,9590,9598,9601,9610,9616,9625,9629,9640,9646,9650,9655,9661,9665,9668,9669,9671,9672,9674,9675,9676,9677,9677,9682,9683,9683,9683,9686,9687,9687,9688,9688,9688,9689,9690,9690,9690,9691,9693,9693,9693,9693,9693,9693,9693,9693,9693,9694,9694,9694,9695,9695,9695,9696,9696,9696,9696,9696,9697,9697,9697,9697,9697,9698,9698,9698,9698,9698,9698,9698,9698,9699,9699,9700,9700,9700,9700,9700,9700,9700,9700,9700,9700,9700,9700,9700,9700,9700,9700,9700,9700,9700,9700,9700,9700,9700,9700,
0,23,39,60,79,97,113,132,155,183,209,246,272,292,325,364,416,454,511,572,653,704,788,853,951,1025,1116,1206,1336,1455,1569,1684,1810,1948,2078,2226,2360,2523,2654,2816,3018,3175,3351,3544,3708,3885,4074,4229,4431,4601,4767,4928,5090,5269,5438,5599,5726,5848,5995,6119,6265,6399,6521,6635,6756,6857,6954,7058,7144,7256,7367,7478,7577,7651,7730,7798,7876,7936,7994,8050,8118,8184,8249,8308,8355,8414,8464,8507,8541,8580,8609,8647,8689,8723,8760,8791,8826,8859,8890,8914,8946,8963,8975,8996,9018,9033,9051,9065,9086,9100,9123,9136,9147,9161,9168,9180,9185,9189,9203,9211,9223,9232,9237,9251,9258,9266,9273,9279,9282,9287,9293,9297,9304,9315,9321,9323,9326,9332,9339,9343,9345,9346,9350,9353,9355,9355,9356,9358,9362,9366,9369,9374,9375,9379,9381,9382,9384,9386,9388,9389,9389,9389,9390,9392,9393,9394,9395,9395,9396,9396,9396,9396,9396,9397,9397,9397,9397,9398,9399,9399,9399,9399,9400,9400,9400,9400,9400,9400,9400,9400,9400,9400,9400,9400,9400,9400,9400,9400,9400,9400,9400,9400,9400,9400,9400,9400,9400,9400,9400,9400,9400,9400,9400,9400,9400,9400,9400,9400,9400,9400,9400,9400,9400,9400,9400,9400,9400,9400,9400,9400,9400,9400,9400,9400,9400,9400,9400,9400,9400,9401,9401,9401,9401,9401,9401,9401,9401,9401,9401,9401,9401,9401,9401,9401,9401,9401,9401,9401,9401,9401,9401,9401,9401,9401,9401,9401,9401,9401,9401,9401,9401,9401,9401,9401,9401,9401,9401,9401,9401,9401,9401,9401,9401,9401,9401,9401,9401,9401,9401,9401,9401,9401,9401,9401,
0,26,42,55,68,77,87,102,113,136,150,174,195,230,255,286,319,348,396,446,490,528,587,641,689,755,826,893,979,1044,1142,1243,1345,1444,1555,1673,1803,1912,2022,2134,2271,2397,2510,2650,2806,2929,3070,3216,3338,3466,3593,3739,3869,3984,4125,4262,4410,4545,4676,4813,4939,5077,5203,5333,5454,5580,5708,5830,5953,6064,6170,6280,6380,6485,6582,6677,6764,6845,6930,7018,7112,7195,7277,7350,7412,7487,7555,7624,7680,7728,7788,7845,7902,7959,8011,8056,8098,8143,8181,8222,8263,8311,8349,8376,8410,8434,8460,8483,8513,8538,8560,8595,8628,8645,8659,8681,8695,8711,8726,8740,8759,8766,8776,8788,8801,8810,8822,8834,8841,8849,8855,8865,8872,8884,8890,8894,8902,8915,8924,8935,8936,8937,8941,8948,8952,8954,8958,8965,8970,8973,8974,8974,8977,8978,8979,8983,8984,8989,8992,8992,8993,8996,9000,9000,9002,9002,9003,9004,9005,9005,9005,9005,9006,9007,9007,9008,9009,9009,9011,9011,9011,9011,9013,9013,9013,9014,9014,9015,9015,9015,9015,9015,9015,9016,9016,9016,9016,9016,9016,9016,9016,9016,9016,9016,9016,9016,9016,9016,9016,9016,9016,9016,9016,9016,9016,9016,9017,9017,9017,9017,9017,9017,9017,9017,9017,9017,9017,9017,9017,9017,9017,9017,9017,9017,9017,9017,9017,9017,9017,9017,9017,9017,9017,9017,9017,9017,
0,23,38,54,65,89,103,123,146,164,186,218,244,272,298,333,378,413,460,523,586,640,707,784,844,911,984,1063,1156,1249,1358,1459,1571,1678,1816,1918,2058,2204,2368,2504,2653,2828,3022,3202,3392,3576,3776,3952,4149,4304,4491,4698,4883,5067,5264,5451,5617,5814,5984,6174,6353,6507,6664,6829,6974,7126,7278,7450,7584,7729,7859,8001,8117,8230,8344,8441,8547,8624,8717,8799,8907,9002,9075,9158,9226,9300,9372,9424,9482,9545,9594,9644,9696,9746,9805,9847,9901,9943,9982,10020,10060,10083,10108,10135,10160,10185,10215,10234,10253,10269,10285,10297,10321,10335,10358,10373,10387,10401,10416,10428,10442,10452,10463,10468,10475,10482,10489,10494,10497,10502,10504,10512,10515,10524,10528,10529,10534,10539,10543,10546,10547,10548,10553,10554,10555,10558,10562,10564,10564,10566,10566,10567,10568,10572,10573,10575,10575,10576,10578,10579,10579,10581,10581,10581,10581,10581,10581,10581,10581,10582,10582,10582,10582,10583,10584,10585,10585,10585,10585,10585,10586,10587,10588,10588,10588,10589,10589,10589,10590,10590,10590,10590,10590,10590,10590,10590,10590,10590,10590,10590,10590,10590,10590,10590,10590,10590,10590,10590,10590,10590,10590,10590,10590,10590,10590,10590,10590,10590,10590,10590,10590,10590,10590,10590,10590,10590,10590,10590,10590,10590,10590,10590,10590,10590,10590,10590,10590,10590,10590,10590,10590,10590,10590,10590,10590,10590,10590,
0,36,52,71,85,97,113,132,153,169,190,216,241,267,297,328,371,431,484,526,565,617,675,732,792,863,933,1003,1088,1167,1259,1364,1458,1548,1664,1787,1913,2028,2164,2308,2459,2627,2805,2988,3183,3396,3589,3795,3983,4173,4382,4567,4773,4968,5159,5348,5544,5754,5945,6136,6347,6546,6724,6915,7077,7241,7411,7583,7749,7893,8034,8152,8289,8408,8531,8660,8794,8920,9030,9129,9233,9338,9416,9491,9581,9656,9742,9815,9887,9947,10008,10058,10122,10169,10221,10269,10320,10366,10408,10451,10478,10515,10549,10584,10616,10638,10669,10683,10714,10738,10755,10778,10802,10815,10826,10840,10860,10876,10891,10908,10920,10930,10941,10948,10961,10971,10979,10987,10993,10997,11002,11008,11011,11017,11021,11030,11035,11042,11046,11049,11061,11063,11067,11068,11073,11076,11078,11081,11083,11085,11087,11089,11093,11096,11098,11098,11099,11100,11103,11103,11105,11106,11107,11108,11111,11113,11113,11114,11115,11115,11115,11118,11120,11120,11121,11121,11121,11122,11122,11123,11123,11123,11123,11123,11123,11125,11125,11125,11126,11126,11126,11126,11126,11126,11128,11128,11128,11128,11128,11128,11128,11129,11129,11129,11130,11130,11130,11131,11131,11131,11131,11131,
0,27,42,52,71,91,109,127,143,161,186,216,238,265,298,338,368,400,434,478,519,560,611,673,737,791,854,918,976,1061,1137,1215,1323,1424,1523,1638,1742,1851,1974,2092,2232,2381,2511,2652,2802,2945,3110,3259,3431,3588,3749,3917,4102,4258,4452,4641,4791,4957,5119,5310,5468,5658,5840,6045,6211,6371,6551,6712,6867,7022,7179,7326,7487,7637,7789,7918,8074,8190,8302,8421,8549,8666,8765,8875,8989,9091,9187,9274,9370,9452,9526,9610,9691,9759,9817,9889,9951,9993,10043,10092,10141,10195,10235,10283,10317,10348,10394,10434,10476,10513,10542,10571,10607,10632,10658,10680,10704,10724,10751,10772,10787,10802,10817,10838,10854,10873,10883,10899,10907,10917,10927,10942,10952,10961,10973,10979,10984,10990,11000,11007,11014,11021,11028,11033,11036,11045,11049,11058,11064,11070,11075,11081,11085,11087,11090,11091,11091,11093,11096,11099,11101,11102,11102,11102,11104,11104,11106,11107,11107,11108,11109,11109,11109,11112,11114,11114,11115,11117,11121,11122,11123,11123,11123,11123,11123,11125,11125,11127,11127,11127,11128,11128,11128,11128,11131,11132,11132,11132,11132,11132,11132,11132,11132,11132,11132,11132,11132,11132,11134,11134,11134,11134,11134,11134,11134,11135,11135,11137,11137,11137,11137,11137,11137,11137,11137,11137,11137,11137,11137,11137,11137,11137,11137,11137,11137,11137,11137,11137,11137,11137,11137,11137,11137,11137,11137,11137,11137,
0,35,54,71,86,104,129,152,176,214,254,292,340,373,417,454,505,562,633,682,747,817,888,967,1056,1143,1232,1335,1455,1580,1692,1824,1944,2095,2229,2366,2520,2665,2808,2991,3164,3315,3474,3619,3811,3991,4179,4359,4532,4705,4881,5068,5246,5435,5608,5796,5977,6181,6355,6540,6713,6865,7019,7205,7356,7492,7633,7780,7929,8051,8181,8314,8416,8545,8649,8770,8881,9002,9086,9173,9248,9339,9404,9468,9561,9617,9680,9735,9797,9857,9912,9955,9998,10036,10069,10108,10136,10168,10198,10233,10258,10287,10314,10339,10356,10380,10397,10417,10437,10456,10469,10484,10501,10513,10523,10534,10542,10549,10563,10572,10583,10592,10598,10601,10609,10618,10623,10628,10632,10637,10642,10645,10652,10658,10661,10663,10668,10670,10673,10676,10677,10678,10679,10681,10682,10684,10684,10687,10687,10689,10691,10691,10692,10692,10694,10694,10694,10696,10696,10697,10697,10697,10697,10699,10700,10701,10702,10702,10703,10703,10704,10704,10704,10704,10704,10704,10704,10705,10705,10705,10705,10705,10705,10705,10705,10705,10705,10705,10705,10705,10705,10705,10705,10705,10705,10705,10705,10705,10705,10705,10705,10705,10705,10705,10705,10705,10705,10705,10705,10705,10705,10705,10705,10705,10705,10705,10705,10705,10705,10705,10705,10705,10705,10705,10705,10705,10705,10705,10705,10705,10705,10705,10705,10705,10705,10705,10705,10705,
0,33,54,70,79,89,112,126,141,158,174,187,210,241,266,293,311,354,382,428,471,518,556,611,671,732,800,890,969,1043,1126,1261,1353,1468,1580,1704,1820,1942,2092,2243,2384,2521,2685,2838,3000,3145,3274,3445,3621,3780,3939,4086,4260,4441,4599,4752,4917,5042,5193,5354,5529,5668,5830,5975,6089,6238,6382,6516,6650,6782,6912,7063,7183,7302,7415,7519,7610,7698,7780,7872,7958,8044,8127,8232,8321,8390,8467,8523,8594,8660,8726,8793,8853,8908,8957,9007,9049,9095,9136,9175,9207,9236,9281,9308,9338,9374,9402,9424,9443,9459,9480,9495,9520,9538,9554,9577,9589,9602,9614,9624,9641,9652,9661,9670,9676,9684,9685,9689,9695,9699,9705,9713,9718,9722,9725,9732,9737,9739,9743,9744,9750,9753,9756,9760,9763,9766,9770,9772,9773,9774,9776,9780,9780,9781,9781,9783,9786,9788,9788,9791,9794,9796,9797,9797,9797,9797,9797,9797,9798,9798,9799,9799,9800,9800,9802,9802,9802,9803,9804,9805,9805,9805,9805,9806,9806,9806,9806,9806,9807,9807,9807,9807,9807,9808,9810,9810,9810,9810,9810,9810,9810,9810,9810,9810,9810,9810,9810,9810,9810,9810,9810,9810,9811,9811,9811,9811,9811,9811,9811,9811,9811,9811,9811,9812,9812,9812,9812,9812,9812,9812,9812,9812,
0,29,45,56,69,91,103,117,137,162,188,227,256,292,334,379,428,472,513,562,610,671,756,825,929,1013,1086,1180,1275,1383,1498,1628,1774,1919,2052,2209,2363,2544,2728,2921,3113,3308,3497,3681,3874,4041,4226,4418,4613,4795,4960,5141,5322,5497,5668,5848,6025,6188,6364,6532,6698,6873,7035,7197,7365,7514,7684,7818,7950,8065,8196,8322,8442,8576,8682,8803,8903,9021,9151,9253,9363,9473,9569,9656,9740,9828,9912,9998,10078,10162,10234,10303,10362,10429,10495,10560,10616,10667,10716,10776,10826,10873,10916,10963,11009,11044,11087,11123,11159,11188,11214,11233,11254,11278,11302,11323,11342,11362,11378,11393,11408,11428,11452,11466,11482,11495,11507,11516,11525,11535,11545,11558,11566,11576,11581,11588,11599,11602,11610,11621,11627,11630,11636,11644,11646,11652,11656,11658,11662,11667,11667,11674,11678,11680,11685,11686,11687,11689,11691,11692,11693,11698,11700,11703,11703,11706,11706,11709,11710,11715,11716,11717,11718,11719,11720,11722,11723,11724,11727,11727,11727,11730,11731,11734,11736,11737,11737,11737,11737,11737,11739,11739,11740,11740,11742,11743,11743,11743,11743,11743,11744,11745,11745,11745,11745,11745,11745,11745,11745,11745,11745,11745,11745,11745,11745,11745,11745,11745,11745,11745,11745,11746,11746,11746,11746,11746,11746,11746,11746,11747,11747,11747,11747,11747,11747,11747,11747,11748,11748,11748,11748,11748,11748,11748,11748,11748,11748,11748,11748,11748,11748,11748,11748,11748,11748,11748,11748,11748,11748,11748,11748,11748,11748,11748,11748,11748,11748,11748,11748,11748,11748,11748,11748,11748,11748,11748,11748,11748,
0,24,42,58,80,95,114,130,152,182,203,224,256,280,312,349,382,435,475,515,559,622,668,732,795,875,968,1055,1135,1249,1365,1487,1607,1710,1841,1994,2118,2271,2418,2573,2733,2892,3054,3215,3379,3570,3760,3936,4123,4302,4477,4637,4818,5026,5188,5332,5483,5652,5814,5963,6101,6253,6380,6524,6655,6771,6904,7012,7130,7244,7357,7468,7553,7643,7737,7817,7904,7994,8076,8151,8229,8301,8367,8421,8483,8541,8608,8659,8714,8771,8812,8837,8892,8928,8968,9008,9046,9085,9108,9145,9180,9205,9227,9259,9281,9302,9321,9339,9358,9378,9394,9406,9424,9436,9448,9474,9489,9500,9511,9521,9531,9543,9555,9560,9564,9572,9579,9584,9588,9593,9596,9601,9605,9606,9613,9619,9624,9627,9632,9638,9643,9650,9654,9661,9664,9674,9679,9683,9690,9698,9700,9707,9711,9718,9722,9726,9732,9736,9741,9746,9751,9762,9770,9775,9779,9784,9791,9792,9793,9800,9806,9811,9815,9819,9823,9826,9831,9836,9841,9847,9849,9854,9859,9862,9864,9866,9870,9874,9876,9877,9880,9880,9883,9885,9891,9893,9894,9897,9901,9905,9907,9908,9909,9910,9913,9913,9913,9915,9916,9919,9919,9919,9921,9922,9924,9925,9925,9925,9928,9928,9928,9929,9930,9930,9931,9931,9931,9931,9931,9931,9932,9932,9932,9932,9932,9934,9934,9934,9934,
0,33,49,63,78,97,115,132,156,178,209,236,262,302,331,373,415,461,519,567,620,679,763,846,925,1024,1143,1251,1366,1495,1623,1766,1921,2062,2196,2351,2528,2689,2847,3013,3190,3370,3554,3727,3918,4139,4356,4551,4736,4930,5154,5365,5574,5754,5940,6107,6287,6478,6672,6848,7024,7194,7342,7483,7637,7766,7884,8010,8149,8246,8331,8430,8518,8616,8685,8768,8847,8911,8999,9053,9108,9189,9246,9311,9371,9423,9471,9515,9574,9633,9682,9720,9755,9794,9832,9863,9908,9957,9993,10019,10058,10088,10113,10139,10167,10198,10221,10245,10265,10279,10300,10315,10333,10347,10358,10383,10396,10406,10419,10431,10442,10453,10463,10470,10474,10479,10489,10493,10503,10513,10524,10539,10545,10551,10557,10564,10570,10577,10584,10587,10592,10594,10596,10599,10600,10603,10603,10604,10607,10609,10610,10611,10612,10613,10618,10619,10620,10623,10624,10626,10627,10629,10631,10635,10637,10637,10637,10637,10638,10639,10640,10640,10640,10640,10640,10640,10640,10641,10641,10642,10642,10642,10642,10642,10642,10642,10642,10642,10642,10643,10643,10643,10643,10643,10643,10643,10643,10643,10643,10643,10643,10643,10643,10643,10643,10643,10643,10643,10643,10643,10643,10643,10643,10643,10643,10643,10643,10643,10643,10643,10644,10644,10644,10644,10644,10644,10644,10644,10644,10644,10644,10644,10644,10644,10644,10644,
0,35,47,63,83,93,103,111,127,153,174,198,229,253,281,311,345,378,422,466,505,559,619,672,729,786,857,939,1021,1130,1236,1350,1466,1602,1734,1836,1961,2098,2248,2365,2536,2690,2845,3018,3196,3355,3539,3702,3889,4076,4259,4449,4639,4835,5027,5218,5407,5596,5784,5948,6132,6299,6445,6602,6769,6959,7125,7290,7460,7604,7753,7891,8037,8170,8285,8434,8570,8712,8818,8935,9035,9130,9234,9331,9433,9536,9617,9713,9797,9871,9954,10015,10065,10142,10202,10260,10318,10369,10414,10454,10493,10541,10579,10622,10653,10683,10713,10744,10767,10805,10827,10859,10886,10918,10932,10952,10976,10997,11013,11033,11049,11063,11080,11090,11102,11108,11115,11128,11142,11149,11161,11169,11175,11185,11198,11207,11211,11221,11225,11229,11235,11240,11252,11260,11266,11271,11275,11275,11277,11280,11284,11290,11294,11297,11302,11306,11308,11310,11310,11313,11314,11315,11315,11318,11319,11319,11321,11323,11325,11328,11328,11334,11336,11336,11337,11337,11337,11340,11341,11344,11345,11345,11347,11347,11349,11350,11350,11350,11350,11351,11351,11352,11352,11353,11354,11354,11355,11357,11357,11357,11357,11359,11359,11362,11363,11364,11364,11364,11364,11365,11366,11367,11367,11368,11368,11368,11368,11368,11369,11369,11370,11371,11372,11373,11373,11373,11373,11374,11374,11374,11374,11374,11374,11374,11375,11375,11375,11375,11375,11375,11375,11375,11375,11375,11375,11375,11375,11375,11375,11375,11375,11375,11375,11375,11375,11375,11375,11375,11375,11375,11375,11375,11375,11375,11375,11375,11375,11375,11375,11375,11375,11375,11375,11375,11375,11375,11375,11375,11375,11375,11375,11375,11375,11375,11375,11375,11375,11375,11375,11375,11375,11375,11375,11375,11375,11375,11375,11375,11375,11375,11375,11375,11375,11375,11375,11375,11375,11375,11375,11375,11375,11375,
0,30,47,60,80,90,108,122,151,173,186,212,232,258,278,311,339,375,399,427,469,516,559,603,664,724,791,881,978,1068,1157,1249,1342,1443,1561,1683,1810,1947,2086,2205,2345,2491,2637,2799,2965,3154,3316,3477,3639,3828,4020,4190,4357,4548,4704,4876,5052,5227,5410,5583,5736,5921,6078,6258,6413,6555,6682,6830,6978,7101,7234,7356,7473,7600,7688,7792,7896,7986,8062,8148,8240,8305,8370,8431,8490,8548,8620,8669,8715,8759,8793,8832,8871,8913,8943,8973,9002,9029,9055,9089,9114,9136,9159,9177,9193,9210,9223,9242,9260,9275,9288,9300,9314,9324,9330,9346,9355,9358,9366,9374,9384,9387,9391,9397,9403,9407,9411,9416,9416,9419,9424,9428,9432,9434,9435,9438,9447,9447,9447,9448,9450,9453,9455,9458,9459,9461,9461,9463,9465,9466,9467,9467,9467,9468,9469,9470,9470,9471,9472,9472,9473,9473,9473,9474,9475,9475,9475,9475,9475,9475,9477,9477,9477,9477,9477,9477,9477,9477,9477,9477,9477,9477,9477,9477,9477,9477,9477,9477,9477,9477,9477,9477,9478,9478,9478,9478,9478,9479,9479,9479,9479,9479,9479,9479,9479,9479,9479,9479,9479,9479,9479,9479,9479,9479,9479,9479,9479,9479,9479,9479,9479,9479,9479,9479,9479,9479,9479,9479,9479,9479,9479,9479,9479,9479,9479,9479,9479,9479,9479,9479,9479,9479,9479,9479,9479,9479,9479,9479,9479,9479,9479,9479,9479,9479,9479,9479,9479,9479,9479,9479,9479,9479,9479,9479,9479,9479,9479,9479,9479,9479,9479,9479,9479,9479,9479,9479,9479,
0,28,44,62,80,91,100,120,142,165,185,209,240,283,328,363,408,462,516,557,607,664,714,783,844,911,991,1078,1162,1269,1390,1480,1596,1698,1817,1947,2093,2213,2344,2489,2639,2770,2911,3061,3197,3343,3484,3651,3815,3968,4135,4285,4442,4587,4722,4882,5020,5131,5267,5409,5546,5686,5801,5924,6065,6186,6289,6396,6514,6622,6747,6857,6973,7082,7172,7285,7380,7493,7598,7689,7775,7880,7960,8057,8149,8244,8327,8414,8487,8556,8638,8716,8780,8852,8922,8995,9056,9110,9169,9216,9268,9315,9355,9409,9460,9505,9553,9583,9627,9667,9706,9747,9775,9815,9846,9872,9899,9928,9946,9971,9992,10009,10028,10045,10059,10069,10083,10090,10105,10120,10133,10144,10154,10161,10170,10177,10184,10190,10195,10203,10206,10215,10218,10225,10229,10233,10238,10240,10246,10249,10252,10255,10257,10258,10262,10263,10266,10268,10270,10270,10272,10273,10273,10273,10275,10276,10277,10278,10280,10281,10283,10284,10286,10286,10286,10287,10289,10289,10289,10290,10291,10291,10292,10292,10292,10292,10292,10292,10292,10293,10293,10293,10293,10293,10294,10294,10294,10294,10295,10295,10295,10295,10295,10296,10296,10296,10296,10296,10296,10296,10297,10297,10297,10297,10297,10297,10297,10297,10297,10297,10297,10297,10297,10297,10297,10297,10297,10297,10297,10297,10297,10297,10297,10297,10297,10297,10297,10297,10297,10297,10297,10297,10297,10297,10297,10297,10297,10297,10297,10297,10297,10297,10297,10297,10297,10297,10297,10297,10297,10297,10297,10297,10297,10297,10297,10297,10297,10297,10297,10297,10297,10297,10297,10297,10297,10297,10297,10297,10297,10297,10297,10297,10297,10297,10297,10297,10297,10297,10297,10297,10297,10297,10297,10297,10297,10297,10297,10297,10297,10297,10297,10297,10297,10297,10297,
0,25,47,64,82,92,108,128,143,160,181,205,235,262,297,319,364,397,447,495,570,619,677,752,830,903,977,1055,1143,1229,1329,1421,1511,1610,1725,1847,1985,2094,2220,2343,2479,2614,2776,2899,3047,3177,3327,3453,3608,3781,3929,4079,4236,4386,4557,4723,4896,5058,5211,5353,5503,5644,5801,5957,6125,6276,6402,6550,6698,6830,6974,7116,7247,7385,7489,7629,7738,7864,7973,8078,8193,8289,8408,8499,8589,8696,8775,8850,8928,8997,9077,9133,9195,9246,9312,9373,9435,9479,9541,9588,9626,9661,9707,9754,9796,9826,9852,9884,9915,9952,9980,10008,10024,10047,10065,10086,10105,10128,10142,10166,10184,10203,10221,10234,10251,10265,10273,10282,10292,10296,10304,10309,10320,10321,10325,10327,10332,10332,10339,10341,10343,10345,10351,10355,10357,10362,10364,10365,10367,10368,10368,10370,10373,10375,10376,10378,10379,10381,10384,10384,10384,10384,10384,10384,10384,10387,10387,10387,10387,10388,10388,10388,10388,10390,10390,10390,10390,10390,10391,10391,10391,10391,10391,10391,10391,10392,10392,10392,10392,10392,10392,10392,10392,10392,10392,10392,10392,10392,10392,10392,10392,10392,10392,10392,10392,10393,10393,10393,10393,10393,10393,10393,10393,10393,10393,10393,10393,10393,10393,10393,10393,10393,10393,10393,10393,10393,10393,10393,10393,10393,10393,10393,10393,10393,10393,10393,10393,10393,10393,10393,10393,10393,10393,10393,10393,10393,10393,10393,10393,10393,10393,10393,10393,10393,10393,10393,10393,10393,
0,37,54,72,82,98,108,127,143,161,180,203,233,252,271,288,315,344,374,409,446,481,522,571,627,678,748,809,883,949,1046,1112,1215,1317,1401,1501,1598,1727,1861,1984,2098,2211,2358,2495,2645,2789,2945,3113,3273,3435,3603,3759,3931,4106,4263,4405,4559,4701,4858,5037,5202,5358,5507,5656,5814,5936,6072,6220,6356,6492,6633,6790,6937,7058,7184,7305,7417,7534,7646,7756,7854,7947,8021,8095,8172,8254,8335,8420,8493,8563,8634,8701,8752,8810,8864,8931,8971,9041,9085,9122,9170,9204,9247,9291,9328,9354,9381,9408,9440,9462,9494,9511,9530,9551,9571,9587,9604,9620,9638,9654,9669,9688,9696,9703,9714,9721,9732,9739,9743,9748,9756,9765,9776,9779,9785,9789,9797,9802,9807,9810,9815,9819,9823,9829,9834,9837,9844,9852,9854,9858,9863,9863,9866,9868,9873,9873,9874,9878,9880,9882,9882,9882,9882,9883,9885,9887,9888,9888,9890,9893,9896,9896,9897,9899,9900,9902,9903,9903,9904,9905,9906,9907,9909,9910,9912,9913,9914,9914,9915,9915,9915,9915,9915,9915,9915,9915,9915,9915,9915,9915,9915,9915,9915,9915,9915,9916,9916,9916,9917,9917,9917,9918,9919,9919,9919,9919,9919,9921,9921,9921,9921,9921,9921,9921,9921,9921,9921,9921,9921,9921,9921,9921,9921,9921,9921,9921,9921,9921,9921,9921,9921,9921,9921,9921,9921,9921,9921,9921,9921,9921,9921,9921,9921,9921,9921,9921,9921,9921,9921,9921,9921,9921,9921,9921,9921,9921,9921,9921,9921,9921,9921,9921,9921,9921,9921,9921,9921,9921,9921,9921,9921,9921,9921,9921,9921,9921,9921,9921,
0,26,48,62,80,101,122,148,169,186,207,240,275,322,361,408,448,499,554,616,683,736,791,875,957,1036,1126,1230,1340,1471,1589,1717,1840,1978,2115,2256,2413,2580,2736,2909,3074,3239,3433,3596,3783,3957,4114,4276,4440,4647,4823,4982,5158,5334,5494,5646,5808,5977,6127,6299,6445,6582,6734,6868,6993,7134,7247,7364,7500,7598,7713,7815,7916,8024,8123,8204,8281,8365,8452,8538,8626,8710,8766,8822,8890,8960,9017,9074,9130,9178,9224,9273,9313,9356,9408,9441,9483,9529,9565,9608,9639,9674,9705,9734,9755,9779,9803,9827,9842,9860,9882,9895,9917,9931,9945,9963,9981,9993,10009,10017,10025,10036,10040,10045,10056,10065,10073,10078,10085,10088,10096,10107,10111,10116,10117,10119,10121,10126,10128,10132,10137,10141,10145,10149,10150,10155,10156,10159,10161,10163,10170,10171,10174,10176,10176,10181,10181,10181,10185,10185,10187,10188,10188,10190,10190,10191,10191,10194,10194,10194,10194,10196,10197,10197,10198,10198,10199,10200,10200,10201,10201,10202,10202,10202,10202,10202,10202,10202,10202,10202,10202,10202,10202,10202,10202,10202,10202,10202,10202,10202,10202,10202,10202,10202,10202,10202,10202,10202,10202,10202,10202,10202,10202,10202,10202,10202,10202,10202,10202,10202,10202,10202,10202,10202,10202,10202,10202,10202,10202,10202,10202,10202,10202,10202,10202,10202,10202,10202,10202,10202,10202,10202,10202,10202,10202,10202,10202,10202,10202,10202,10202,10202,10202,10202,10202,10202,10202,10202,10202,10202,10202,10202,10202,10202,10202,10202,10202,10202,10202,10202,10202,10202,10202,10202,
0,32,49,63,78,90,114,132,154,185,216,248,267,294,324,362,399,439,490,555,621,684,743,822,911,999,1096,1201,1332,1445,1555,1677,1803,1933,2063,2217,2362,2531,2682,2867,3050,3226,3421,3606,3811,4004,4216,4432,4637,4828,5019,5223,5427,5616,5821,6007,6206,6409,6607,6780,6953,7109,7279,7434,7591,7758,7900,8029,8188,8304,8420,8519,8622,8721,8802,8910,9011,9088,9173,9268,9331,9411,9471,9521,9583,9645,9696,9750,9788,9832,9874,9915,9955,9985,10027,10064,10098,10124,10152,10184,10215,10244,10266,10289,10316,10340,10363,10381,10395,10416,10434,10445,10459,10477,10487,10495,10501,10510,10514,10522,10524,10532,10544,10548,10556,10564,10568,10574,10577,10581,10586,10590,10592,10599,10601,10603,10605,10607,10610,10613,10614,10615,10617,10618,10619,10622,10623,10627,10629,10629,10632,10634,10635,10636,10636,10639,10641,10642,10642,10642,10645,10647,10647,10647,10648,10648,10648,10648,10648,10648,10648,10650,10650,10650,10650,10650,10651,10652,10652,10652,10654,10655,10656,10656,10656,10656,10656,10656,10656,10656,10657,10657,10659,10659,10659,10659,10659,10659,10659,10659,10659,10659,10660,10661,10661,10661,10661,10661,10662,10662,10662,10662,10662,10662,10662,10662,10662,10662,10662,10662,10662,10662,10662,10662,10662,10662,10662,10662,10662,10662,10662,10662,10662,10662,10662,10662,10662,10662,10662,10662,10662,10662,10662,10662,10662,10662,10662,
0,38,54,62,70,82,99,113,129,148,172,191,226,252,287,326,375,431,487,533,579,643,703,783,857,936,1003,1086,1181,1280,1399,1493,1598,1707,1826,1937,2061,2198,2311,2461,2595,2724,2874,3014,3163,3307,3462,3624,3773,3914,4043,4190,4335,4479,4626,4773,4909,5050,5183,5315,5430,5555,5660,5791,5896,6013,6135,6238,6351,6435,6537,6624,6694,6784,6855,6935,6999,7070,7136,7195,7252,7312,7365,7406,7447,7486,7524,7545,7580,7610,7639,7668,7690,7716,7742,7770,7787,7807,7829,7850,7867,7881,7898,7914,7924,7935,7946,7957,7969,7977,7997,8009,8017,8026,8042,8051,8058,8063,8069,8077,8082,8089,8095,8098,8101,8105,8107,8109,8112,8113,8115,8117,8120,8123,8123,8125,8126,8128,8132,8134,8136,8137,8139,8141,8142,8143,8144,8144,8144,8144,8144,8144,8144,8144,8145,8145,8145,8146,8146,8146,8146,8146,8146,8146,8146,8146,8146,8146,8146,8146,8146,8146,8146,8146,8146,8146,8146,8146,8146,8146,8146,8146,8146,8146,8146,8146,8146,8146,8147,8147,8147,8148,8148,8148,8148,8148,8148,8148,8148,8148,8148,8148,8148,8148,8148,8148,8148,8148,8148,8148,8148,8148,8148,8148,8148,8148,8148,8148,8148,8148,8148,8148,8148,8148,8148,8148,8148,8148,8148,8148,8148,8148,8148,8148,8148,8148,8148,8148,8148,8148,8148,8148,8148,8148,8148,8148,8148,8148,8148,8148,8148,8148,8148,8148,8148,8148,8148,8148,8148,8148,8148,
0,30,44,64,77,86,97,115,137,159,191,217,248,286,328,370,405,467,502,578,666,738,819,899,976,1069,1184,1305,1388,1484,1587,1709,1836,1980,2101,2248,2397,2550,2710,2865,3015,3200,3356,3515,3697,3849,4013,4187,4372,4573,4744,4933,5100,5279,5448,5604,5783,5965,6119,6299,6447,6597,6738,6896,7043,7161,7279,7426,7577,7703,7820,7949,8066,8199,8312,8396,8500,8594,8684,8763,8848,8928,9006,9070,9148,9222,9295,9373,9424,9482,9539,9589,9640,9692,9741,9774,9808,9851,9895,9921,9956,9990,10008,10032,10058,10080,10102,10120,10141,10164,10184,10193,10209,10225,10238,10254,10262,10276,10288,10295,10302,10309,10316,10326,10331,10340,10347,10355,10363,10376,10379,10392,10399,10401,10410,10415,10419,10424,10427,10431,10433,10434,10438,10441,10443,10445,10449,10455,10458,10458,10464,10467,10471,10473,10476,10480,10481,10486,10487,10488,10491,10495,10498,10498,10501,10502,10504,10504,10507,10508,10510,10510,10511,10512,10513,10515,10515,10517,10517,10517,10517,10517,10517,10517,10518,10518,10518,10518,10518,10518,10518,10518,10518,10518,10518,10518,10518,10518,10519,10519,10520,10520,10520,10520,10520,10520,10520,10520,10520,10521,10521,10521,10522,10522,10522,10522,10522,10523,10523,10523,10523,10523,10523,10523,10523,10524,10524,10524,10524,10524,10524,10524,10525,10525,10525,10525,10525,10525,10525,10525,10525,10525,10525,10525,10525,10525,10525,10525,10525,10525,10525,10525,10525,10525,10525,10525,10525,10525,10525,10525,10525,10525,10525,10525,10525,10525,10525,10525,10525,10525,10525,10525,10525,10525,10525,10525,10525,10525,10525,10525,10525,10525,10525,10525,10525,10525,10525,10525,10525,10525,10525,10525,10525,10525,10525,10525,10525,10525,10525,10525,10525,10525,10525,10525,10525,10525,10525,10525,10525,10525,10525,10525,10525,10525,10525,10525,10525,10525,10525,10525,10525,10525,10525,10525,10525,10525,10525,10525,10525,10525,10525,10525,10525,10525,10525,10525,10525,10525,10525,10525,10525,10525,10525,10525,10525,10525,10525,10525,10525,10525,10525,10525,10525,10525,10525,10525,10525,
0,27,47,60,73,86,96,113,127,146,172,194,215,241,263,293,318,356,394,444,495,546,602,676,738,816,914,1001,1099,1198,1285,1396,1504,1610,1727,1838,1987,2103,2256,2387,2557,2719,2869,3054,3230,3398,3545,3721,3915,4088,4268,4444,4615,4779,4985,5179,5360,5510,5654,5826,6004,6166,6334,6499,6657,6824,6964,7103,7253,7353,7485,7620,7739,7847,7948,8058,8180,8282,8382,8476,8568,8664,8749,8814,8883,8962,9022,9097,9166,9225,9284,9340,9383,9434,9487,9525,9573,9608,9647,9670,9698,9725,9757,9782,9803,9826,9843,9867,9889,9903,9926,9949,9965,9976,9987,10000,10006,10013,10027,10040,10046,10059,10067,10076,10084,10090,10101,10107,10113,10119,10124,10130,10133,10136,10136,10139,10143,10147,10150,10154,10155,10158,10161,10166,10167,10169,10170,10171,10173,10173,10174,10176,10178,10180,10180,10181,10182,10184,10185,10185,10185,10186,10188,10189,10190,10191,10191,10192,10192,10192,10192,10192,10192,10192,10192,10192,10192,10192,10192,
0,30,45,60,78,90,108,126,143,165,193,226,252,286,324,371,418,471,528,588,639,709,775,840,919,983,1062,1167,1262,1375,1479,1570,1695,1814,1938,2069,2200,2339,2465,2621,2792,2955,3095,3243,3420,3555,3714,3860,4024,4176,4359,4516,4676,4813,4964,5121,5267,5409,5541,5696,5840,5958,6085,6194,6312,6424,6541,6632,6742,6853,6939,7022,7124,7221,7295,7355,7430,7491,7564,7621,7686,7740,7778,7833,7881,7931,7968,8005,8037,8079,8112,8155,8185,8207,8219,8239,8268,8286,8305,8323,8349,8367,8376,8395,8416,8431,8448,8461,8471,8485,8499,8509,8516,8521,8527,8529,8534,8543,8555,8559,8565,8570,8572,8574,8577,8578,8581,8582,8585,8589,8592,8594,8595,8596,8599,8603,8606,8609,8614,8615,8617,8619,8620,8623,8625,8627,8627,8630,8631,8632,8632,8633,8634,8634,8634,8635,8636,8637,8638,8638,8639,8641,8644,8645,8647,8649,8649,8649,8650,8652,8653,8653,8653,8653,8653,8653,8653,8654,8654,8654,8654,8654,8655,8655,8655,8655,8656,8656,8656,8656,8656,8656,8656,8656,8656,8656,8656,8656,8656,8657,8657,8657,8657,8657,8657,8657,8657,8657,8657,8657,8657,8657,8657,8657,8657,8657,8657,
0,31,44,58,70,86,99,124,143,168,197,222,252,285,329,362,407,468,518,588,651,732,794,868,964,1058,1180,1276,1383,1509,1638,1770,1896,2035,2210,2394,2561,2737,2907,3098,3290,3524,3715,3926,4146,4364,4606,4809,4999,5221,5420,5617,5846,6043,6240,6461,6672,6884,7069,7253,7464,7662,7846,8038,8227,8411,8556,8714,8866,9003,9144,9264,9384,9493,9604,9727,9844,9953,10053,10134,10225,10304,10384,10461,10543,10625,10696,10784,10852,10897,10963,11016,11067,11123,11164,11205,11247,11277,11313,11348,11373,11402,11421,11448,11469,11492,11510,11531,11548,11559,11586,11599,11608,11626,11636,11650,11665,11675,11685,11691,11695,11711,11719,11725,11730,11733,11738,11742,11747,11754,11760,11764,11768,11769,11773,11776,11780,11783,11786,11789,11794,11797,11798,11802,11803,11804,11805,11807,11808,11811,11812,11813,11813,11814,11814,11814,11814,11814,11814,11814,11814,11815,11815,11816,11818,11818,11818,11819,11820,11820,11821,11821,11821,11822,11823,11823,11824,11825,11826,11827,11828,11828,11828,11829,11830,11830,11830,11830,11830,11830,11830,11830,11830,11830,11830,11830,11830,11830,11830,11830,11830,11830,11830,11830,11830,11830,11830,11830,11830,11830,11830,11830,11830,11830,11830,11830,11830,11830,11830,11830,11830,11830,11830,11830,11830,11830,11830,11830,11830,11830,11830,11830,11830,11830,11830,11830,11830,11830,11830,11830,11830,11830,11830,11830,11830,11830,11830,11830,
0,31,45,55,73,97,113,142,160,186,216,236,263,295,331,378,421,464,510,569,626,688,753,836,901,985,1049,1132,1218,1309,1413,1527,1645,1749,1842,1972,2124,2252,2418,2576,2720,2875,3033,3183,3349,3516,3678,3880,4049,4235,4410,4612,4804,4985,5172,5325,5504,5683,5869,6041,6231,6381,6541,6694,6852,7009,7174,7324,7469,7607,7734,7844,7983,8093,8198,8293,8384,8484,8570,8638,8716,8789,8879,8951,9007,9084,9140,9198,9269,9322,9366,9411,9452,9499,9541,9568,9610,9641,9669,9697,9728,9751,9782,9809,9837,9866,9898,9914,9936,9960,9983,9996,10010,10016,10033,10048,10057,10071,10087,10097,10106,10111,10121,10129,10139,10146,10154,10159,10169,10169,10174,10179,10187,10191,10194,10195,10198,10200,10204,10211,10213,10216,10218,10219,10223,10231,10231,10231,10231,10234,10237,10239,10240,10242,10243,10246,10249,10251,10254,10256,10258,10260,10260,10262,10263,10263,10264,10265,10266,10267,10267,10267,10267,10268,10268,10268,10270,10270,10270,10271,10272,10272,10272,10272,10273,10274,10275,10275,10276,10276,10277,10277,10278,10278,10278,10278,10278,10278,10278,10278,10278,10278,10278,10278,10278,10278,10278,10278,10278,10278,10278,10278,10278,10278,10278,10278,10278,10278,10278,10278,10278,10278,10278,
0,27,50,57,70,81,95,107,119,142,152,171,189,213,240,279,313,353,390,427,464,514,557,625,688,746,810,887,964,1045,1136,1226,1340,1452,1545,1650,1773,1893,2012,2129,2243,2368,2517,2621,2760,2891,3024,3142,3285,3413,3530,3663,3808,3927,4052,4203,4339,4443,4557,4675,4792,4919,5054,5172,5284,5407,5520,5630,5729,5814,5913,6012,6096,6187,6266,6336,6426,6494,6552,6628,6686,6745,6802,6855,6908,6961,7008,7047,7099,7145,7182,7211,7234,7269,7312,7340,7380,7419,7449,7477,7501,7521,7546,7568,7582,7596,7613,7630,7646,7657,7674,7691,7700,7712,7722,7728,7738,7741,7752,7759,7767,7776,7782,7789,7802,7806,7812,7821,7826,7833,7839,7841,7842,7843,7848,7851,7854,7857,7863,7867,7870,7870,7874,7879,7879,7881,7885,7888,7889,7891,7893,7893,7893,7895,7896,7898,7900,7902,7905,7907,7909,7911,7915,7918,7919,7920,7920,7921,7921,7922,7924,7924,7925,7926,7927,7927,7928,7928,7928,7929,7929,7930,7931,7931,7931,7931,7931,7931,7931,7931,7932,7932,7932,7932,7932,7934,7934,7934,7934,7934,7936,7936,7936,7936,7936,7936,7936,7936,7937,7937,7937,7937,7937,7937,7937,7937,7937,7937,7939,7939,7939,7939,7939,7939,7939,7939,7939,7939,7939,7939,7939,7939,7939,7939,7939,7939,7939,7939,7939,7939,7939,7940,7940,7940,7940,7940,7940,7940,7940,7940,7940,7940,7940,7940,7940,7940,7940,7940,7940,7940,
0,26,44,60,69,88,103,122,140,160,176,192,214,242,275,303,340,386,430,470,522,572,627,688,751,813,900,990,1089,1182,1275,1368,1471,1567,1671,1807,1939,2057,2200,2335,2490,2660,2803,2948,3114,3271,3444,3635,3827,4004,4157,4309,4480,4654,4833,5005,5173,5380,5540,5690,5848,6015,6175,6338,6497,6623,6749,6877,7028,7172,7309,7435,7564,7712,7822,7946,8067,8174,8274,8354,8449,8528,8604,8692,8761,8841,8918,8994,9076,9145,9219,9274,9341,9401,9470,9523,9576,9610,9653,9707,9757,9794,9838,9884,9913,9946,9978,10006,10044,10068,10093,10126,10154,10183,10208,10235,10259,10274,10297,10320,10333,10344,10361,10376,10391,10400,10415,10435,10451,10464,10475,10485,10500,10512,10519,10529,10535,10542,10547,10553,10555,10559,10564,10567,10572,10575,10581,10581,10586,10589,10592,10593,10594,10596,10596,10598,10600,10602,10603,10610,10612,10613,10613,10615,10617,10619,10621,10622,10622,10623,10623,10625,10626,10627,10627,10628,10628,10628,10628,10629,10629,10629,10629,10630,10630,10630,10631,10631,10631,10631,10631,10631,10631,10633,10633,10633,10633,10633,10633,10633,10633,10633,10633,10633,10633,10633,10633,10633,10633,10634,10634,10634,10634,10635,10635,10635,10635,10635,10635,10635,10635,10635,10635,10635,10635,10635,10635,10635,10635,10635,10635,10635,10635,10635,10635,10635,10635,10635,10635,10635,10635,10635,10635,10635,10635,10635,10635,10635,10635,10635,10635,10635,10635,10635,10635,10635,10635,10635,10635,10635,10635,10635,10635,10635,10635,10635,10635,10635,10635,10635,10635,10635,10635,10635,10635,10635,10635,10635,10635,10635,10635,10635,10635,10635,10635,10635,10635,10635,10635,10635,10635,10635,10635,10635,10635,10635,10635,10635,10635,10635,10635,10635,10635,10635,10635,10635,10635,10635,10635,10635,10635,10635,10635,10635,10635,10635,10635,10635,10635,10635,10635,10635,10635,10635,10635,10635,10635,10635,10635,10635,10635,10635,10635,10635,10635,10635,10635,10635,10635,10635,10635,10635,10635,10635,10635,10635,10635,10635,10635,10635,10635,10635,10635,10635,10635,10635,10635,10635,10635,10635,10635,10635,10635,10635,10635,10635,10635,10635,10635,10635,10635,10635,10635,10635,10635,10635,10635,10635,10635,10635,10635,10635,10635,10635,10635,10635,10635,10635,10635,10635,10635,10635,10635,10635,10635,10635,10635,10635,10635,10635,10635,10635,10635,10635,
0,31,41,63,78,90,102,118,144,167,196,224,245,299,336,381,429,475,528,586,634,690,767,841,912,993,1083,1176,1286,1411,1536,1656,1787,1892,2018,2170,2314,2475,2604,2759,2923,3076,3232,3403,3571,3766,3923,4101,4294,4435,4632,4792,4974,5138,5315,5514,5675,5836,6019,6190,6328,6469,6598,6744,6894,7027,7150,7292,7423,7525,7638,7748,7849,7944,8036,8126,8221,8301,8377,8452,8533,8612,8681,8754,8833,8913,8972,9026,9085,9147,9206,9241,9281,9330,9376,9420,9446,9480,9513,9555,9607,9642,9678,9713,9747,9773,9811,9838,9861,9882,9915,9941,9967,9986,10004,10028,10046,10061,10088,10108,10124,10138,10154,10179,10193,10208,10216,10227,10241,10250,10265,10277,10287,10297,10307,10315,10325,10336,10343,10345,10353,10364,10369,10377,10380,10391,10396,10403,10410,10413,10420,10425,10428,10430,10435,10438,10441,10447,10451,10456,10458,10459,10461,10464,10464,10466,10466,10468,10469,10474,10475,10476,10477,10478,10479,10482,10482,10483,10483,10485,10485,10485,10485,10485,10485,10485,10485,10485,10485,10485,10485,10485,10485,10486,10486,10487,10488,10488,10488,10489,10490,10491,10491,10493,10493,10493,10493,10493,10493,10493,10493,10493,10493,10493,10493,10493,10493,10493,10493,10493,10493,10493,10493,10493,10493,10493,10493,10493,10493,10493,10493,10493,10494,10494,10494,10494,10494,10494,10494,10494,10494,10494,10494,10494,10494,10494,10494,10494,10494,10494,10494,10494,10494,10494,10494,10494,10494,10494,10494,10494,10494,10494,10494,10494,10494,10494,10494,10494,10494,10494,10494,10494,10494,10494,10494,10494,10494,10494,10494,10494,10494,10494,10494,10494,10494,10494,10494,10494,10494,10494,10494,10494,10494,10494,10494,10494,10494,10494,10494,10494,10494,10494,10494,10494,10494,10494,10494,10494,10494,10494,
0,31,45,63,76,101,125,148,171,203,232,269,318,358,403,458,511,565,633,697,768,840,922,1013,1089,1184,1301,1407,1533,1647,1765,1900,2052,2200,2356,2501,2661,2832,3001,3163,3337,3516,3679,3842,4032,4212,4388,4614,4810,5000,5189,5356,5543,5718,5898,6069,6247,6430,6585,6784,6960,7111,7282,7445,7582,7730,7875,8001,8159,8285,8421,8542,8644,8758,8863,8954,9038,9117,9196,9275,9368,9445,9512,9570,9644,9702,9759,9817,9871,9932,9982,10042,10098,10142,10182,10227,10268,10316,10353,10384,10421,10460,10500,10530,10563,10601,10628,10656,10691,10718,10738,10765,10789,10814,10829,10843,10860,10878,10888,10899,10911,10925,10932,10935,10944,10953,10965,10972,10979,10987,10998,11003,11006,11010,11021,11031,11038,11042,11051,11056,11060,11065,11071,11075,11078,11083,11087,11095,11096,11098,11101,11101,11104,11108,11108,11110,11111,11114,11115,11116,11118,11119,11119,11120,11120,11121,11122,11123,11123,11123,11123,11124,11126,11126,11126,11126,11127,11127,11127,11127,11128,11128,11128,11128,11128,11128,11128,11128,11128,11128,11128,11128,11128,11128,11128,11128,11128,11128,11129,11129,11129,11129,11129,11129,11129,11129,11130,11130,11130,11130,11130,11130,11130,11130,11130,11130,11130,11130,11130,11130,11130,11130,11130,11130,11130,11130,11130,11130,11130,11130,11130,11130,11130,11130,11130,11130,11130,11130,11130,11130,11130,11130,11130,
0,25,40,61,77,94,112,136,160,182,205,232,263,293,336,374,410,452,501,561,620,679,741,819,877,944,1031,1112,1206,1294,1422,1544,1668,1799,1916,2066,2207,2362,2535,2687,2831,2977,3143,3301,3494,3697,3882,4044,4214,4370,4552,4758,4937,5130,5314,5492,5653,5812,5978,6115,6254,6427,6585,6736,6865,7003,7156,7288,7410,7525,7645,7753,7875,7982,8075,8172,8264,8350,8437,8509,8589,8660,8729,8789,8831,8873,8934,8985,9042,9093,9142,9174,9217,9244,9262,9292,9318,9346,9381,9405,9439,9465,9494,9507,9531,9555,9577,9602,9624,9651,9675,9701,9730,9754,9772,9790,9808,9826,9845,9859,9881,9895,9909,9922,9936,9947,9963,9975,9988,10003,10013,10029,10039,10053,10065,10071,10081,10084,10089,10098,10105,10112,10115,10116,10120,10126,10132,10140,10145,10146,10150,10152,10154,10157,10159,10160,10162,10170,10171,10173,10179,10180,10180,10183,10186,10189,10193,10197,10198,10199,10199,10200,10202,10204,10205,10207,10207,10207,10207,10207,10208,10210,10210,10213,10215,10215,10215,10215,10216,10217,10217,10218,10218,10220,10220,10220,10220,10220,10220,10220,10220,10220,10220,10220,10220,10220,10220,10220,10220,10220,10220,10220,10220,10220,10220,10220,10220,10220,10220,10220,10220,10220,10220,10220,10220,10220,10220,10220,10220,10220,10220,10220,10220,10220,10220,10220,10220,10220,10220,10220,10220,10220,10220,10220,10220,10220,10220,10220,10220,10220,10220,10220,10220,10220,10220,10220,10220,10220,10220,10220,10220,10220,10220,10220,10220,10220,10220,10220,10220,10220,10220,10220,10220,10220,10220,10220,10220,10220,10220,10220,10220,10220,10220,10220,10220,10220,10220,10220,10220,10220,10220,10220,10220,10220,10220,10220,10220,10220,10220,10220,10220,10220,10220,10220,10220,10220,10220,10220,10220,10220,10220,10220,10220,10220,10220,10220,10220,10220,10220,10220,10220,10220,10220,10220,10220,10220,10220,10220,10220,10220,10220,10220,10220,10220,10220,10220,10220,10220,10220,10220,10220,10220,
0,25,43,54,70,84,101,115,137,159,184,204,235,266,310,344,382,418,454,489,537,585,647,700,761,842,903,986,1067,1151,1251,1368,1474,1583,1718,1844,1952,2097,2230,2360,2525,2649,2782,2922,3078,3214,3360,3484,3635,3780,3924,4082,4235,4376,4519,4673,4804,4951,5089,5228,5370,5492,5629,5759,5873,5979,6081,6180,6302,6411,6510,6626,6718,6826,6912,7002,7087,7167,7258,7322,7393,7442,7505,7564,7630,7695,7745,7785,7840,7878,7924,7967,8000,8040,8089,8123,8163,8206,8245,8277,8325,8357,8396,8434,8460,8491,8528,8554,8585,8619,8642,8668,8693,8713,8741,8765,8789,8806,8834,8858,8874,8892,8912,8933,8953,8966,8989,9003,9017,9035,9048,9063,9077,9091,9104,9118,9133,9143,9156,9167,9179,9194,9209,9223,9234,9243,9254,9261,9271,9277,9282,9287,9292,9298,9301,9306,9306,9311,9312,9315,9317,9321,9322,9324,9328,9332,9335,9339,9341,9343,9344,9344,9351,9353,9359,9361,9361,9362,9363,9364,9366,9367,9367,9367,9368,9368,9369,9369,9370,9371,9372,9372,9373,9373,9373,9374,9375,9375,9376,9376,9377,9377,9377,9378,9378,9378,9378,9378,9378,9378,9379,9379,9379,9379,9379,9379,9379,9379,9379,9379,9379,9379,9379,9379,9379,9379,9379,9379,9379,9379,9379,9379,9379,9379,9379,9379,9379,9379,9379,
0,29,47,55,69,85,103,117,139,158,174,207,238,281,320,370,400,450,506,556,612,664,746,814,907,985,1069,1160,1237,1335,1426,1537,1638,1760,1860,1977,2112,2240,2367,2478,2606,2757,2897,3032,3175,3326,3469,3645,3800,3952,4090,4224,4376,4536,4679,4820,4958,5093,5234,5366,5503,5630,5765,5889,6014,6116,6232,6339,6442,6549,6645,6727,6832,6922,7004,7105,7194,7287,7384,7461,7530,7612,7692,7761,7828,7888,7940,7998,8051,8111,8153,8212,8262,8309,8344,8393,8429,8467,8500,8539,8571,8605,8637,8677,8710,8740,8779,8815,8838,8865,8896,8925,8943,8965,8986,9008,9033,9040,9055,9076,9087,9103,9120,9132,9148,9159,9171,9178,9193,9205,9211,9216,9220,9226,9234,9239,9240,9248,9255,9258,9264,9271,9274,9278,9285,9287,9289,9291,9295,9301,9304,9306,9308,9308,9309,9310,9314,9314,9319,9319,9320,9321,9323,9323,9325,9326,9326,9327,9327,9328,9329,9330,9331,9331,9332,9334,9334,9335,9335,9336,9336,9336,9336,9337,9337,9338,9338,9338,9338,9338,9338,9338,9338,9338,9339,9339,9339,9339,9339,9339,9339,9339,9339,9340,9341,9341,9341,9341,9341,9341,9341,9341,9341,9341,9341,9341,9341,9341,9341,9341,9341,9341,9341,9341,9341,9341,9341,9342,9342,9342,9342,9342,9342,9342,9342,9342,9342,9342,9342,9342,9342,9342,9342,9342,9342,9342,9342,9342,9342,9342,9342,9342,9342,9342,9342,
0,35,52,63,76,90,108,131,147,167,184,207,235,262,282,312,342,387,426,472,531,582,637,704,770,851,942,1038,1136,1259,1373,1492,1623,1751,1905,2053,2189,2362,2522,2702,2887,3066,3237,3417,3612,3832,4024,4216,4420,4625,4815,5023,5214,5400,5578,5744,5935,6106,6279,6445,6589,6738,6894,7060,7203,7358,7505,7643,7783,7927,8066,8170,8283,8401,8523,8619,8726,8827,8930,9021,9115,9196,9283,9362,9436,9499,9565,9640,9689,9752,9805,9859,9914,9959,9994,10051,10087,10130,10175,10199,10225,10258,10283,10313,10333,10361,10380,10402,10423,10447,10469,10486,10502,10534,10545,10565,10582,10590,10610,10623,10633,10649,10657,10667,10677,10686,10689,10695,10705,10713,10725,10729,10736,10747,10748,10751,10755,10761,10765,10768,10778,10781,10783,10786,10790,10790,10792,10792,10794,10796,10798,10802,10804,10804,10805,10805,10807,10807,10807,10809,10809,10809,10809,10809,10810,10810,10811,10813,10814,10816,10816,10817,10817,10817,10817,10817,10817,10817,10817,10817,10817,10817,10818,10818,10818,10820,10820,10821,10821,10821,10821,10821,10821,10821,10821,10821,10821,10821,10821,10821,10822,10823,10823,10823,10823,10823,10823,10823,10823,10823,10823,10823,10823,10823,10823,10823,10823,10823,10823,10823,10823,10823,10823,10823,10823,10823,10823,10823,10823,10823,10823,10823,10823,10823,10824,10824,10824,10824,10824,10824,10824,10824,10824,10825,10825,10825,10825,10825,10825,10825,10825,10825,10825,10825,10825,10825,10825,10825,10825,10825,10825,10825,10825,10825,10825,10825,10825,10825,10825,10825,10825,10825,10825,10825,10825,10825,10825,10825,10825,10825,10825,10825,10825,10825,10825,10825,10825,10825,10825,10825,10825,10825,10825,10825,10825,10825,10825,10825,10825,10825,10825,10825,10825,10825,10825,10825,10825,10825,
0,28,47,60,72,86,101,115,129,151,160,187,209,236,267,306,348,393,434,487,552,625,683,743,836,930,1013,1128,1216,1314,1417,1532,1653,1774,1909,2048,2193,2332,2485,2635,2792,2958,3114,3265,3473,3660,3861,4047,4227,4409,4608,4797,4969,5163,5363,5554,5728,5898,6075,6287,6459,6635,6791,6944,7112,7267,7391,7536,7680,7813,7943,8086,8204,8334,8471,8590,8709,8827,8939,9051,9137,9230,9330,9406,9479,9558,9631,9712,9790,9868,9913,9978,10040,10106,10178,10249,10293,10352,10403,10441,10488,10523,10562,10592,10629,10658,10678,10710,10736,10765,10789,10808,10835,10853,10867,10887,10902,10924,10936,10954,10973,10986,10997,11007,11020,11032,11041,11048,11056,11066,11073,11077,11086,11092,11097,11098,11105,11109,11114,11118,11122,11127,11131,11133,11137,11137,11140,11142,11146,11148,11150,11150,11152,11152,11153,11157,11158,11159,11161,11162,11164,11165,11165,11167,11168,11169,11170,11170,11173,11173,11173,11175,11175,11177,11177,11178,11178,11180,11180,11180,11180,11180,11180,11182,11182,11182,11182,11182,11182,11182,11182,11182,11182,11182,11182,11182,11182,11182,11182,11182,11182,11182,11183,11183,11183,11183,11183,11183,11183,11183,11183,11183,11183,11183,11183,11183,11183,11183,11183,
0,29,47,66,85,99,125,145,171,199,217,249,285,316,365,402,471,528,588,658,730,799,885,954,1046,1115,1205,1307,1402,1512,1612,1718,1853,1997,2134,2266,2390,2531,2689,2831,2974,3115,3265,3431,3586,3738,3878,4039,4185,4329,4491,4641,4813,4951,5093,5253,5415,5558,5709,5852,6001,6164,6304,6452,6612,6766,6915,7043,7186,7317,7465,7602,7726,7834,7959,8082,8188,8315,8427,8518,8638,8761,8855,8941,9019,9122,9228,9301,9382,9460,9535,9611,9676,9759,9828,9894,9954,10007,10073,10120,10168,10230,10288,10334,10393,10423,10468,10502,10543,10564,10592,10619,10648,10671,10696,10728,10757,10783,10800,10820,10843,10865,10878,10894,10911,10926,10936,10948,10963,10978,10984,10997,11011,11022,11032,11037,11045,11049,11058,11062,11066,11070,11073,11080,11084,11089,11096,11100,11101,11103,11107,11108,11109,11113,11117,11119,11120,11122,11125,11127,11129,11130,11130,11130,11130,11131,11133,11133,11136,11137,11138,11139,11139,11141,11141,11143,11144,11146,11147,11147,11148,11151,11151,11151,11151,11151,11152,11152,11153,11153,11153,11153,11153,11153,11153,11154,11155,11155,11157,11157,11158,11158,11158,11158,11158,11158,11159,11159,11159,11160,11160,11160,11160,11160,11160,11160,11160,11160,11160,11160,11160,11160,11160,11160,11160,11160,11160,11160,11160,11160,11160,11161,11161,11161,11161,11161,11161,11161,11161,11161,11161,11161,11161,11161,11161,11161,11161,11161,11161,11161,11161,11161,11161,11161,11161,11161,11161,11161,11161,11161,11161,11161,11161,11161,11161,11161,11161,11161,11161,11161,11161,11161,11161,11161,11161,11161,11161,11161,11161,11161,11161,11161,11161,11161,11161,11161,11161,11161,11161,11161,11161,11161,11161,11161,11161,11161,11161,11161,11161,11162,11162,11162,11162,
0,33,48,56,72,88,98,113,139,154,168,186,200,227,258,293,325,354,387,427,481,528,576,629,689,758,838,918,1002,1088,1176,1257,1355,1451,1542,1637,1743,1857,1960,2059,2172,2316,2436,2556,2692,2826,2961,3081,3227,3371,3505,3654,3806,3957,4124,4256,4409,4551,4703,4832,4978,5125,5269,5406,5536,5652,5779,5872,5989,6112,6222,6308,6418,6514,6597,6682,6764,6830,6899,6967,7047,7110,7161,7201,7247,7285,7331,7371,7418,7463,7506,7533,7560,7589,7613,7637,7669,7695,7714,7727,7749,7774,7788,7809,7830,7847,7863,7885,7897,7907,7924,7936,7950,7962,7976,7988,7993,8004,8010,8019,8028,8031,8037,8046,8049,8059,8063,8067,8071,8074,8076,8079,8086,8089,8092,8098,8098,8099,8102,8102,8104,8108,8109,8113,8114,8116,8117,8117,8117,8117,8119,8121,8122,8124,8124,8124,8124,8124,8124,8125,8126,8127,8127,8127,8127,8127,8128,8129,8129,8129,8130,8130,8130,8130,8130,8131,8133,8133,8133,8133,8134,8134,8135,8136,8139,8139,8139,8139,8139,8140,8140,8140,8140,8140,8140,8140,8140,8140,8141,8141,8141,8141,8141,8141,8141,8142,8142,8142,8142,8142,8142,8142,8142,8142,8142,8142,8142,8142,8142,8142,8143,8143,8143,8143,8143,8143,8143,8143,8143,8143,8143,8143,8143,8144,8144,8144,8144,8144,8144,8144,8144,8144,8144,8144,8145,8145,8145,8145,8145,8145,8145,8145,8145,8145,8145,8145,8145,8145,8145,8145,8145,8145,8145,8145,8145,8145,8145,8145,8145,8145,8145,8145,8145,8145,8145,8145,8145,8145,8145,8145,8145,
0,33,49,67,81,99,118,136,152,174,196,222,244,271,300,336,376,417,461,501,550,617,695,756,831,900,971,1045,1135,1222,1316,1428,1535,1631,1741,1867,1977,2125,2291,2443,2607,2765,2976,3154,3341,3506,3701,3879,4043,4226,4421,4625,4811,5004,5206,5379,5575,5773,5952,6128,6302,6476,6635,6817,6986,7127,7302,7447,7600,7748,7892,8048,8190,8308,8422,8520,8626,8726,8818,8920,9009,9086,9169,9249,9321,9382,9455,9510,9571,9634,9688,9741,9786,9824,9871,9917,9962,9986,10035,10060,10093,10120,10157,10183,10202,10231,10266,10286,10309,10324,10340,10348,10373,10383,10398,10409,10421,10430,10440,10449,10460,10468,10479,10483,10491,10500,10503,10508,10516,10522,10525,10538,10542,10544,10547,10552,10554,10557,10564,10567,10571,10573,10577,10581,10581,10582,10583,10583,10587,10591,10594,10598,10600,10601,10603,10603,10606,10606,10606,10606,10609,10611,10612,10613,10614,10615,10615,10616,10617,10618,10618,10622,10622,10622,10622,10623,10623,10623,10623,10623,10623,10623,10623,10624,10624,10624,10624,10625,10625,10625,10625,10625,10625,10625,10625,10625,10625,10625,10625,10625,10625,10625,10625,10625,10625,10625,10625,10625,10625,10625,10625,10625,10625,10625,10625,10625,10625,10625,10625,10625,10625,10625,10625,10625,10625,10625,10625,10625,10625,10625,10625,10625,10625,10625,10625,10625,10625,10625,10625,10625,10625,10625,10625,10625,10625,10625,10625,10625,10625,10625,10625,10625,10625,10625,10625,10625,10625,10625,10625,10625,10625,10625,10625,10625,10625,10625,10625,10625,10625,10625,10625,10625,10625,10625,10625,10625,10625,10625,10625,10625,10625,10625,10625,10625,10625,10625,10625,10625,10625,10625,10625,10625,10625,10625,10625,10625,10625,10625,10625,10625,10625,10625,10625,10625,10625,10625,10625,10625,10625,10625,
0,25,40,60,78,98,119,137,154,180,203,233,254,283,324,356,395,433,485,539,601,639,710,783,860,926,1000,1084,1183,1268,1366,1478,1586,1709,1816,1945,2089,2233,2383,2528,2670,2826,3002,3152,3301,3473,3621,3797,3955,4121,4313,4497,4675,4842,5016,5164,5314,5464,5616,5804,5958,6101,6258,6383,6545,6680,6816,6963,7089,7240,7369,7490,7614,7738,7841,7949,8061,8159,8262,8360,8432,8528,8611,8688,8769,8855,8930,9004,9059,9135,9215,9283,9344,9398,9464,9520,9566,9621,9677,9706,9754,9792,9831,9879,9916,9956,9983,10023,10052,10074,10102,10129,10161,10203,10231,10253,10271,10292,10310,10335,10352,10367,10382,10398,10409,10424,10440,10448,10455,10466,10474,10480,10482,10488,10494,10503,10506,10516,10522,10525,10527,10533,10536,10540,10544,10555,10562,10568,10571,10571,10572,10575,10577,10580,10582,10583,10583,10584,10584,10587,10587,10591,10593,10596,10598,10599,10600,10602,10602,10602,10602,10602,10603,10603,10603,10603,10603,10603,10604,10604,10604,10604,10604,10604,10606,10606,10607,10607,10607,10607,10607,10607,10607,10607,10607,10607,10607,10609,10609,10609,10609,10609,10610,10610,10610,10610,10610,10610,10610,10610,10611,10611,10611,10611,10611,10611,10611,10611,10611,10612,10612,10612,10612,10612,10612,10612,10612,10612,10612,10612,10612,10612,10612,10612,10612,10612,10612,10612,10612,10612,10612,10612,10612,10612,10612,10612,10612,10612,10612,10612,10612,10612,10612,10612,10612,10612,10612,10612,10612,10612,10612,10612,10612,10612,10612,10612,10612,10612,10612,10612,10612,10612,10612,10612,10612,10612,10612,10612,10612,10612,10612,10612,10612,10612,10612,10612,10612,10612,10612,10612,10612,10612,10612,10612,10612,10612,10612,10612,10612,10612,10612,10612,10612,10612,10612,10612,10612,10612,10612,10612,10612,10612,10612,10612,10612,10612,10612,10612,10612,10612,10612,10612,10612,10612,10612,10612,10612,10612,10612,10612,10612,10612,10612,10612,10612,10612,10612,10612,10612,10612,10612,10612,10612,10612,10612,10612,10612,10612,10612,10612,10612,10612,10612,10612,10612,10612,10612,10612,
0,27,40,55,67,84,104,121,139,166,191,218,255,294,323,368,421,456,513,582,645,715,782,869,948,1025,1120,1203,1306,1423,1532,1671,1792,1931,2079,2206,2362,2532,2687,2860,3033,3202,3398,3580,3737,3905,4103,4283,4497,4668,4852,5023,5214,5408,5608,5768,5925,6101,6261,6420,6567,6726,6877,6998,7124,7234,7362,7490,7627,7757,7892,8001,8114,8211,8310,8411,8512,8606,8699,8785,8870,8948,9030,9110,9178,9238,9297,9355,9418,9475,9522,9579,9628,9674,9708,9745,9778,9809,9847,9883,9912,9935,9955,9981,10005,10032,10051,10077,10096,10117,10135,10153,10165,10175,10185,10200,10210,10220,10225,10236,10245,10257,10264,10266,10269,10278,10285,10292,10294,10297,10303,10307,10310,10314,10321,10326,10329,10331,10336,10340,10344,10347,10349,10349,10351,10352,10355,10356,10356,10359,10361,10361,10363,10364,10365,10365,10365,10365,10365,10366,10367,10368,10369,10369,10370,10370,10373,10373,10374,10375,10375,10375,10375,10375,10376,10377,10378,10379,10380,10381,10381,10381,10381,10381,10381,10381,10381,10381,10381,10384,10384,10384,10384,10384,10384,10384,10384,10384,10384,10385,10385,10385,10385,10385,10385,10385,10385,10385,10385,10385,10385,10385,10385,10385,10385,10385,10385,10385,10385,10385,10385,10385,10385,10385,10385,10385,10385,10385,10385,10385,10385,10385,10385,10385,10385,10385,10385,10385,10385,10385,10385,10385,10385,10385,10385,10385,10385,10385,10385,10385,10385,10385,10385,10385,10385,10385,10385,10385,10385,10385,10385,10385,10385,10385,10385,10385,10385,10385,10385,10385,10385,10385,10385,10385,10385,10385,10385,10385,10385,10385,10385,10385,10385,10385,10385,10385,10385,10385,10385,10385,10385,10385,10385,10385,10385,10385,10385,10385,10385,10385,10385,10385,10385,10385,10385,10385,10385,10385,10385,10385,10385,10385,10385,10385,10385,10385,10385,10385,10385,10385,10385,10385,10385,10385,10385,10385,10385,10385,10385,10385,10385,10385,10385,10385,10385,10385,10385,10385,10385,10385,10385,10385,10385,10385,10385,10385,10385,10385,10385,10385,10385,10385,10385,10385,10385,10385,10385,10385,10385,10385,10385,10385,10385,
0,32,49,66,81,95,104,120,143,169,191,217,248,296,340,376,420,469,530,584,635,689,761,844,909,991,1084,1171,1264,1379,1472,1576,1671,1794,1910,2045,2167,2307,2434,2577,2725,2869,3004,3163,3315,3464,3627,3800,3991,4162,4326,4484,4648,4800,4953,5144,5314,5511,5697,5901,6094,6284,6450,6655,6814,6981,7155,7294,7461,7605,7743,7873,8009,8176,8303,8457,8589,8715,8820,8945,9043,9137,9206,9299,9382,9459,9538,9614,9692,9752,9817,9887,9949,9995,10045,10085,10125,10173,10199,10234,10269,10302,10337,10369,10399,10425,10451,10471,10489,10510,10526,10542,10560,10576,10591,10600,10614,10631,10640,10654,10667,10681,10688,10694,10700,10706,10713,10722,10730,10741,10747,10752,10757,10760,10764,10772,10778,10783,10784,10787,10794,10794,10798,10799,10800,10800,10801,10805,10806,10809,10811,10812,10814,10817,10818,10819,10820,10822,10825,10826,10828,10828,10828,10829,10830,10830,10833,10834,10836,10837,10839,10840,10840,10840,10840,10840,10841,10841,10842,10842,10842,10843,10843,10843,10844,10844,10844,10845,10845,10845,10845,10845,10845,10845,10845,10845,10845,10845,10845,10845,10845,10845,10845,10845,10845,10845,10845,10845,10845,10846,10846,10846,10847,10847,10847,10848,10848,10848,10848,10848,10849,10849,10849,10849,10849,10850,10850,10850,10850,10850,10851,10852,10852,10852,10852,10852,10852,10852,10852,10852,10852,10852,10852,10852,10852,10852,10852,10852,10852,10852,10852,10853,10853,10853,10853,10853,10853,10853,10853,10853,10853,10853,10853,10853,10853,10853,10853,10853,10853,
0,33,51,64,74,86,102,119,139,158,189,206,229,262,302,350,397,447,505,558,612,677,754,824,906,987,1086,1173,1260,1343,1447,1568,1710,1817,1949,2085,2242,2383,2550,2714,2888,3074,3278,3451,3630,3813,4002,4207,4423,4633,4856,5057,5262,5459,5686,5898,6106,6313,6481,6641,6839,7019,7183,7372,7536,7678,7821,7985,8114,8246,8374,8495,8627,8744,8872,9002,9108,9216,9331,9419,9501,9608,9691,9774,9845,9921,9992,10059,10125,10174,10222,10271,10325,10370,10433,10480,10525,10564,10603,10664,10713,10731,10761,10790,10823,10848,10870,10896,10922,10939,10956,10982,10995,11011,11026,11042,11061,11072,11086,11102,11114,11125,11131,11135,11140,11145,11158,11166,11178,11181,11188,11197,11206,11212,11217,11224,11227,11230,11239,11242,11244,11250,11257,11263,11264,11268,11272,11276,11282,11283,11287,11291,11297,11298,11299,11301,11304,11304,11306,11306,11309,11310,11313,11313,11313,11314,11314,11316,11317,11317,11318,11318,11320,11320,11320,11321,11321,11322,11322,11322,11322,11323,11323,11323,11323,11324,11324,11324,11324,11324,11324,11324,11324,11324,11324,11324,11324,11324,11324,11324,11324,11324,11324,11324,11324,11324,11324,11324,11324,11324,11325,11325,11325,11325,11325,11325,11325,11325,11325,11325,11326,11326,11326,11326,11326,11326,11326,11326,11326,11326,11326,11326,11326,11326,11326,11326,11326,11326,11326,11326,11326,11326,11326,11326,11326,11326,11326,11326,
0,40,57,68,85,96,111,138,162,188,214,233,262,282,317,353,390,429,470,507,565,629,685,749,809,901,984,1075,1182,1315,1430,1568,1699,1829,1971,2100,2235,2386,2539,2690,2861,3042,3206,3394,3603,3771,3941,4126,4313,4472,4655,4835,5010,5199,5390,5561,5720,5887,6058,6224,6369,6535,6695,6830,6969,7114,7233,7359,7481,7618,7741,7842,7946,8059,8186,8291,8364,8453,8541,8645,8721,8815,8896,8970,9046,9131,9199,9263,9324,9386,9453,9500,9556,9609,9654,9697,9737,9782,9838,9890,9931,9970,10009,10037,10074,10111,10149,10184,10212,10252,10286,10325,10355,10382,10395,10414,10432,10452,10479,10496,10515,10537,10549,10555,10572,10585,10594,10604,10611,10623,10634,10649,10663,10678,10686,10693,10698,10705,10714,10724,10735,10743,10752,10764,10773,10778,10779,10785,10795,10797,10800,10811,10817,10820,10824,10825,10831,10831,10833,10838,10842,10844,10846,10849,10851,10854,10855,10858,10862,10867,10867,10867,10869,10870,10870,10871,10871,10872,10872,10872,10872,10874,10875,10875,10875,10876,10877,10877,10877,10877,10877,10877,10878,10879,10879,10880,10880,10880,10881,10881,10881,10881,10881,10881,10881,10881,10881,10881,10881,10881,10881,10881,10881,10881,10881,10882,10882,10882,10882,10882,10882,10882,10882,10883,10883,10883,10883,10883,10883,10883,10883,10883,10884,10884,10884,10884,10884,10884,10884,10884,10884,10884,10884,10884,10884,10884,10884,10884,10884,10884,10884,10884,10884,10884,10884,10884,10884,10884,10884,10884,10884,10884,10884,10884,10884,10884,10884,10884,10884,10884,10884,10884,10884,10884,10884,10884,10884,10884,10884,10884,10884,10884,10884,10884,10884,10884,10884,10884,10884,10884,10884,10884,10884,10884,10884,10884,10884,10884,10884,10884,10884,10884,10884,10884,10884,10884,10884,10884,10884,10884,10884,10884,10884,10884,10884,10884,10884,10884,10884,10884,10884,
0,22,40,55,77,96,112,128,155,180,208,233,271,302,349,402,444,493,556,616,673,744,829,940,1047,1135,1234,1335,1464,1593,1716,1822,1971,2149,2307,2441,2592,2736,2911,3084,3232,3424,3595,3761,3929,4119,4273,4469,4650,4822,5004,5159,5365,5546,5740,5912,6068,6252,6436,6590,6757,6924,7071,7207,7372,7524,7661,7809,7951,8099,8232,8355,8473,8570,8689,8800,8887,8989,9077,9168,9246,9326,9418,9474,9551,9616,9681,9741,9786,9843,9882,9934,9981,10009,10053,10089,10129,10155,10186,10220,10241,10273,10305,10329,10351,10369,10384,10390,10413,10430,10443,10448,10464,10475,10487,10494,10501,10513,10522,10527,10537,10545,10552,10556,10564,10566,10572,10574,10577,10586,10595,10598,10602,10607,10609,10612,10613,10614,10617,10622,10623,10625,10627,10634,10636,10636,10636,10636,10636,10638,10638,10641,10644,10644,10645,10647,10648,10649,10651,10651,10651,10653,10653,10654,10654,10654,10656,10657,10658,10659,10660,10662,10663,10664,10665,10665,10667,10667,10667,10667,10667,10670,10670,10670,10670,10670,10670,10670,10670,10670,10670,10671,10671,10671,10671,10671,10671,10671,10672,10672,10672,10672,10672,10672,10672,10672,10672,10672,10672,10672,10672,10672,10672,10672,10672,10672,10672,10672,10672,10672,10672,10673,10673,10673,10673,10673,
0,28,43,48,61,70,79,91,107,119,137,160,195,218,245,267,294,326,370,421,476,526,582,637,699,763,835,905,989,1081,1168,1259,1352,1474,1589,1709,1828,1941,2066,2209,2358,2513,2666,2816,2985,3144,3299,3459,3637,3786,3949,4105,4250,4409,4585,4756,4925,5080,5264,5431,5596,5761,5950,6108,6266,6429,6552,6677,6807,6934,7082,7199,7332,7459,7547,7652,7743,7820,7900,7995,8102,8196,8274,8341,8425,8495,8571,8649,8715,8777,8850,8910,8944,8996,9055,9109,9155,9195,9231,9263,9301,9335,9373,9414,9446,9474,9503,9529,9563,9579,9598,9618,9634,9654,9671,9691,9700,9716,9730,9741,9750,9762,9777,9790,9797,9810,9817,9827,9832,9837,9841,9852,9861,9868,9874,9879,9882,9887,9892,9895,9902,9906,9908,9909,9913,9920,9922,9923,9925,9927,9930,9934,9936,9937,9937,9940,9942,9942,9942,9942,9942,9943,9943,9943,9943,9943,9943,9943,9943,9943,9943,9944,9944,9944,9944,9944,9944,9945,9946,9946,9946,9946,9946,9946,9946,9946,9946,9946,9946,9946,9946,9946,9946,9947,9948,9948,9949,9949,9949,9949,9949,9949,9949,9949,9949,9949,9949,9949,9949,9950,9950,9950,9950,9950,9950,9950,9950,9950,9950,9950,9950,9950,9950,9950,9950,9950,9950,9950,9950,9950,9950,9950,9950,9950,9950,9950,9950,
0,28,43,57,72,88,104,125,139,162,190,221,262,298,338,386,438,499,572,645,714,785,872,970,1090,1211,1316,1431,1568,1694,1850,1962,2113,2270,2423,2577,2729,2907,3061,3250,3408,3581,3752,3946,4134,4315,4506,4722,4903,5087,5278,5470,5654,5826,5994,6140,6293,6446,6628,6798,6938,7080,7247,7398,7536,7675,7787,7933,8042,8152,8278,8359,8482,8580,8687,8788,8873,8958,9018,9093,9186,9232,9289,9350,9393,9440,9490,9544,9583,9629,9673,9708,9738,9770,9804,9835,9868,9902,9932,9956,9977,10001,10016,10041,10058,10070,10088,10108,10120,10131,10147,10157,10168,10177,10183,10191,10197,10207,10216,10223,10230,10235,10241,10244,10251,10256,10260,10267,10273,10275,10277,10281,10288,10289,10293,10295,10302,10305,10308,10310,10313,10317,10320,10322,10323,10324,10326,10329,10330,10332,10333,10336,10338,10341,10341,10342,10342,10343,10347,10350,10350,10351,10353,10355,10356,10356,10356,10357,10357,10357,10357,10357,10357,10357,10357,10357,10358,10358,10358,10358,10358,10359,10359,10359,10359,10359,10359,10359,10359,10359,10360,10361,10361,10361,10361,10361,10361,10361,10361,10361,10361,10361,10361,10361,10361,10361,10361,10361,10361,10361,10361,10361,10361,10361,10361,10361,10361,10361,10362,10362,10362,10362,10362,10362,10362,10362,10362,10362,10362,10362,10362,10362,10362,10362,10362,10362,10362,10362,10362,10362,10362,10362,10362,10362,10362,10362,10362,10362,10362,10362,10362,10362,10362,10362,10362,10362,10362,10362,10362,10362,10362,10362,
0,29,42,51,66,83,96,109,132,148,173,202,228,257,284,312,355,391,456,513,566,633,713,788,869,954,1056,1158,1260,1397,1495,1607,1717,1856,1994,2134,2274,2450,2635,2794,2944,3125,3296,3480,3667,3832,3989,4142,4293,4466,4622,4777,4931,5088,5248,5395,5552,5714,5873,6019,6179,6318,6433,6593,6744,6873,6994,7124,7229,7349,7461,7577,7686,7807,7916,8031,8137,8237,8322,8412,8508,8586,8672,8732,8817,8888,8970,9033,9095,9165,9221,9299,9350,9401,9457,9492,9546,9599,9642,9694,9746,9808,9846,9898,9950,9994,10038,10080,10115,10143,10169,10190,10230,10261,10293,10326,10349,10372,10399,10426,10445,10466,10491,10505,10521,10539,10561,10581,10594,10613,10626,10639,10651,10667,10680,10692,10705,10715,10722,10734,10744,10754,10766,10774,10780,10789,10796,10805,10813,10816,10822,10825,10831,10836,10839,10845,10852,10857,10857,10861,10864,10868,10871,10874,10875,10880,10881,10885,10890,10891,10897,10897,10897,10898,10899,10902,10905,10906,10909,10910,10911,10913,10913,10914,10914,10914,10914,10914,10915,10915,10915,10915,10915,10915,10916,10916,10916,10916,10916,10916,10916,10916,10917,10918,10918,10918,10918,10918,10918,10918,10918,10918,10918,10918,10918,10918,10918,10918,10918,10918,10918,10918,10918,10918,10918,10918,10918,10918,10918,10918,10918,10918,10918,10918,10918,10918,10918,10918,10918,10918,10918,10918,10918,10919,10919,10919,10919,10919,10919,10919,10919,10919,
0,25,49,64,71,88,107,119,135,153,169,187,212,238,269,299,333,372,400,437,486,532,591,642,708,770,827,900,972,1055,1146,1240,1361,1458,1537,1643,1749,1855,1949,2056,2190,2302,2419,2551,2681,2807,2930,3069,3226,3361,3496,3654,3798,3968,4130,4282,4414,4559,4685,4826,4978,5112,5238,5347,5479,5604,5722,5837,5948,6056,6156,6259,6356,6452,6562,6652,6749,6845,6935,7028,7104,7172,7246,7333,7394,7464,7530,7593,7673,7726,7787,7833,7901,7945,8005,8057,8103,8142,8181,8225,8257,8297,8334,8371,8400,8435,8464,8491,8509,8531,8548,8570,8585,8601,8622,8641,8656,8665,8676,8693,8704,8713,8725,8734,8743,8752,8760,8770,8776,8785,8794,8800,8808,8817,8824,8829,8833,8839,8846,8850,8855,8858,8861,8863,8864,8867,8871,8872,8874,8877,8879,8881,8884,8885,8888,8889,8890,8891,8891,8891,8891,8892,8893,8895,8898,8898,8900,8901,8902,8902,8902,8904,8906,8906,8906,8907,8908,8909,8909,8911,8911,8911,8911,8911,8911,8911,8911,8912,8912,8912,8912,8913,8914,8914,8914,8914,8914,8914,8914,8914,8914,8915,8915,8915,8915,8915,8915,8915,8915,8915,8915,8915,8915,8915,8915,8915,8915,8915,8915,8915,8915,8915,8915,8915,8915,8915,8915,8915,8915,8915,8915,8915,8915,8915,8915,8915,8915,8915,8915,8915,8915,8915,8915,8915,8915,8915,8915,8915,8915,8915,8915,8915,8915,8915,8915,8915,8915,8915,8915,8915,8915,8915,8915,8915,8915,8915,8915,8915,8915,8915,8915,8915,8915,8915,8915,8915,8915,8915,8915,8915,8915,8915,8915,8915,8915,8915,8915,8915,8915,8915,8915,8915,8915,8915,8915,8915,8915,8915,8915,8915,8915,8915,8915,8915,8915,8915,8915,8915,8915,8915,8915,8915,8915,8915,8915,8915,8915,8915,8915,8915,8915,
0,31,47,61,72,87,107,118,138,167,189,218,243,269,299,336,369,412,452,505,547,594,643,709,782,849,928,1005,1082,1158,1253,1339,1451,1558,1664,1781,1908,2042,2178,2331,2465,2605,2754,2930,3094,3261,3409,3552,3718,3885,4061,4229,4389,4567,4698,4862,5005,5172,5342,5498,5651,5798,5939,6082,6225,6359,6510,6650,6774,6902,7008,7123,7245,7354,7459,7577,7665,7772,7870,7976,8060,8122,8189,8263,8325,8397,8456,8513,8584,8650,8690,8738,8774,8813,8853,8896,8940,8978,9022,9050,9078,9106,9134,9165,9193,9212,9235,9265,9281,9301,9317,9337,9355,9374,9388,9399,9423,9433,9438,9453,9465,9475,9486,9497,9502,9511,9516,9523,9528,9531,9536,9544,9548,9553,9560,9566,9569,9572,9577,9578,9580,9584,9586,9591,9595,9596,9600,9604,9606,9607,9611,9612,9614,9615,9615,9615,9615,9615,9616,9616,9617,9617,9617,9618,9618,9618,9618,9618,9618,9618,9618,9619,9619,9619,9619,9619,9619,9619,9619,9619,9619,9619,9619,9619,9619,9619,9619,9619,9619,9619,9619,9619,9619,9619,9619,9619,9619,9619,9619,9619,9619,9619,9619,9619,9619,9619,9619,9619,9619,9619,9619,9619,9619,9619,9619,9619,9619,9619,9619,9619,9619,9619,9619,9619,9619,9619,9619,9619,9619,9619,9619,9619,9619,9619,9619,9619,9619,9619,9619,9619,9619,9619,9619,9619,9619,9619,9619,9619,9619,9619,9619,9619,9619,9619,9619,9619,9619,9619,9619,9619,9619,9619,9619,9619,9619,
0,37,48,63,74,90,105,122,143,165,188,205,240,269,303,332,371,415,458,511,564,630,701,773,849,934,1014,1115,1204,1289,1371,1477,1586,1697,1827,1956,2105,2231,2382,2519,2657,2802,2955,3120,3257,3404,3547,3722,3858,4017,4187,4330,4482,4637,4785,4920,5078,5211,5354,5485,5606,5730,5845,5970,6084,6198,6324,6435,6536,6654,6757,6853,6963,7043,7120,7204,7299,7370,7453,7538,7616,7683,7762,7844,7928,8002,8068,8134,8194,8253,8315,8387,8438,8493,8545,8604,8649,8693,8735,8777,8821,8851,8902,8943,8980,9020,9059,9102,9131,9162,9190,9211,9234,9255,9275,9299,9316,9341,9365,9386,9398,9411,9422,9439,9453,9468,9477,9489,9501,9517,9525,9532,9540,9545,9553,9558,9570,9581,9588,9599,9604,9606,9612,9616,9626,9630,9634,9637,9640,9641,9644,9645,9652,9656,9660,9666,9668,9668,9670,9674,9676,9676,9677,9679,9682,9684,9686,9687,9687,9688,9688,9688,9689,9689,9690,9690,9691,9691,9691,9691,9691,9691,9692,9693,9695,9696,9696,9697,9698,9698,9698,9698,9698,9698,9698,9698,9698,9698,9698,9698,9699,9699,9700,9700,9700,9700,9700,9700,9700,9700,9700,9700,9700,9700,9700,9700,9700,9700,9700,9700,9700,9700,9700,9700,9700,9700,9700,9700,9700,9700,9700,9700,9700,9700,9700,9700,9700,9700,9700,9700,9700,9700,9700,9700,9700,9700,9700,9700,9700,9700,9700,9700,9700,9700,9700,9700,9700,9700,9700,9700,9700,9700,9700,9700,9700,9700,9700,9700,9700,9700,9700,9700,9700,9700,9700,9700,9700,9700,9700,9700,9700,9700,9700,9700,9700,9700,9700,9700,9700,9700,9700,9700,9700,9700,9700,9700,9700,9700,9700,9700,9700,9700,9700,9700,9700,9700,9700,9700,9700,9700,9700,9700,
0,26,39,57,69,86,98,132,157,178,205,232,265,304,356,403,442,492,551,616,681,753,838,912,985,1092,1202,1296,1398,1507,1616,1743,1870,1989,2112,2242,2390,2522,2670,2837,2973,3140,3306,3474,3664,3854,4037,4227,4409,4609,4776,4963,5165,5352,5527,5696,5890,6046,6215,6370,6553,6738,6891,7039,7207,7345,7488,7611,7736,7843,7961,8075,8174,8257,8338,8429,8528,8618,8700,8785,8858,8924,9000,9073,9126,9181,9237,9287,9346,9398,9438,9490,9531,9566,9597,9633,9667,9690,9714,9734,9753,9776,9804,9832,9852,9869,9892,9913,9926,9938,9949,9965,9975,9985,9996,10007,10019,10034,10040,10051,10062,10078,10085,10098,10103,10111,10116,10120,10129,10136,10140,10143,10146,10152,10157,10160,10165,10168,10174,10177,10182,10184,10185,10185,10189,10193,10195,10198,10200,10205,10206,10206,10207,10207,10207,10210,10211,10211,10212,10213,10213,10214,10215,10215,10215,10217,10218,10219,10219,10220,10220,10220,10220,10220,10221,10221,10221,10221,10221,10221,10222,10222,10222,10222,10222,10222,10222,10222,10222,10222,10223,10223,10224,10225,10226,10226,10227,10227,10227,10227,10227,10227,10227,10227,10227,10227,10227,10227,10227,10227,10227,10227,10227,10227,10227,10227,10227,10227,10227,10227,10227,10227,10227,10227,10227,10227,10227,10227,10227,10227,10227,10227,10227,10227,10227,10227,10227,10227,10228,10228,10228,10228,10228,10228,10228,10228,10228,10228,10228,10228,10229,10229,10229,10229,10229,10229,10229,10229,10229,10229,10229,10229,10229,10229,10229,10229,10229,10229,10229,10229,10229,10229,10229,10229,10229,10229,10229,10229,10229,10229,10229,10229,10229,
0,25,40,53,63,77,91,102,127,144,164,178,203,232,258,284,313,344,378,414,452,487,554,596,654,709,772,830,901,986,1058,1143,1216,1299,1397,1494,1593,1700,1839,1946,2070,2182,2319,2464,2599,2729,2875,3024,3184,3323,3468,3616,3762,3924,4081,4236,4397,4541,4700,4874,5020,5158,5304,5435,5593,5718,5846,5962,6089,6229,6357,6471,6577,6708,6835,6970,7080,7197,7305,7419,7539,7643,7740,7842,7930,8013,8118,8206,8296,8386,8474,8565,8640,8707,8779,8856,8924,8971,9045,9109,9173,9241,9296,9342,9391,9440,9480,9512,9563,9612,9669,9710,9761,9801,9838,9875,9920,9957,10001,10039,10077,10106,10133,10153,10181,10202,10226,10248,10272,10292,10306,10322,10339,10354,10371,10381,10398,10402,10420,10430,10444,10457,10461,10478,10489,10495,10499,10503,10510,10512,10517,10522,10527,10529,10536,10545,10550,10556,10558,10562,10563,10567,10570,10573,10573,10574,10574,10578,10581,10584,10587,10590,10592,10594,10594,10596,10597,10599,10600,10601,10602,10602,10603,10603,10603,10603,10604,10604,10604,10604,10604,10604,10604,10604,10604,10605,10605,10607,10607,10607,10607,10607,10608,10608,10608,10608,10608,10608,10608,10608,10608,10608,10608,10609,10609,10609,10609,10609,10609,10609,10609,
0,37,61,76,91,108,128,149,169,189,211,238,260,292,325,364,414,465,499,534,593,653,714,778,860,931,1011,1095,1194,1281,1361,1461,1564,1686,1791,1936,2070,2210,2351,2509,2657,2807,2973,3148,3328,3498,3669,3808,3977,4166,4334,4550,4736,4912,5083,5272,5457,5621,5771,5931,6095,6251,6421,6578,6727,6872,7029,7166,7308,7440,7565,7681,7806,7927,8017,8135,8249,8349,8450,8543,8632,8715,8776,8857,8931,8992,9075,9139,9208,9267,9318,9370,9431,9492,9527,9562,9609,9647,9686,9712,9741,9779,9814,9842,9863,9881,9893,9916,9938,9970,9989,10002,10017,10030,10038,10047,10059,10074,10083,10095,10101,10107,10115,10122,10126,10136,10143,10151,10156,10160,10165,10172,10184,10189,10195,10199,10200,10206,10210,10215,10219,10225,10230,10231,10233,10235,10236,10240,10242,10244,10248,10251,10253,10254,10256,10257,10260,10262,10263,10263,10264,10264,10267,10268,10269,10269,10269,10270,10272,10274,10274,10274,10275,10275,10275,10275,10275,10276,10276,10276,10276,10276,10276,10276,10276,10276,10276,10276,10276,10276,10276,10276,10276,10277,10277,10278,10278,10278,10279,10279,10279,10279,10279,10279,10279,10279,10279,10279,10279,10279,10279,10279,10279,10279,10279,10279,10279,10279,10279,10279,10279,10279,10279,10279,10279,10279,10279,10279,10279,10279,10279,10279,10279,10279,10279,10279,10279,10279,10279,10280,10280,10280,
0,23,40,57,72,85,100,117,145,165,181,200,224,255,284,305,334,365,405,453,499,544,594,648,701,766,814,874,934,1004,1075,1163,1223,1317,1402,1479,1582,1680,1786,1900,2024,2150,2267,2384,2512,2651,2801,2943,3100,3253,3406,3549,3709,3858,4026,4181,4343,4536,4696,4852,4998,5147,5313,5489,5636,5797,5937,6095,6232,6350,6505,6643,6774,6892,7001,7127,7224,7354,7471,7572,7663,7749,7847,7931,8023,8108,8170,8243,8315,8387,8446,8500,8558,8608,8663,8720,8776,8827,8871,8913,8952,8993,9029,9066,9098,9125,9154,9185,9210,9231,9254,9290,9317,9345,9364,9393,9420,9449,9474,9493,9505,9524,9535,9554,9568,9578,9592,9609,9625,9633,9639,9649,9657,9665,9672,9676,9681,9691,9697,9704,9714,9717,9722,9726,9728,9732,9737,9740,9742,9745,9750,9753,9755,9759,9762,9765,9769,9771,9774,9778,9780,9784,9785,9787,9787,9788,9791,9792,9793,9793,9793,9795,9795,9796,9797,9798,9798,9799,9799,9800,9800,9800,9801,9801,9801,9801,9802,9802,9802,9802,9802,9802,9802,9802,9802,9802,9802,9802,9802,9802,9802,9802,9802,9802,9802,9802,9802,9802,9802,9802,9802,9802,9802,9802,9802,9802,9802,9802,9802,9802,9802,9802,9802,9802,9802,9802,9802,9802,9802,9802,9802,9802,9802,9802,9802,9802,9802,9802,9802,9802,9802,9802,9802,9802,9802,9802,9802,9802,9803,9803,9803,9803,9803,9803,9803,9803,9803,9803,9803,9803,9803,9803,9803,9803,9803,9803,9803,9803,9803,9803,9803,9803,9803,9803,9803,9803,9803,9803,9803,9803,9803,9803,9803,9803,9803,9803,9803,9803,9803,9803,
0,34,50,69,86,109,125,146,171,202,232,268,299,325,354,393,426,483,534,582,630,685,756,827,887,963,1047,1117,1213,1313,1396,1501,1611,1726,1844,1951,2093,2217,2338,2470,2615,2769,2913,3049,3197,3310,3446,3614,3781,3952,4100,4263,4408,4554,4684,4825,4988,5139,5277,5428,5558,5680,5812,5956,6117,6231,6347,6477,6606,6726,6836,6932,7035,7146,7266,7365,7464,7567,7654,7729,7819,7885,7969,8052,8121,8191,8256,8311,8371,8447,8516,8585,8637,8686,8737,8781,8815,8863,8905,8943,8980,9023,9055,9086,9124,9166,9203,9234,9267,9293,9324,9349,9382,9399,9429,9447,9473,9503,9519,9544,9565,9585,9599,9613,9621,9634,9653,9664,9681,9687,9698,9709,9720,9733,9739,9747,9751,9758,9763,9767,9774,9778,9783,9784,9786,9787,9790,9793,9795,9799,9801,9801,9802,9805,9809,9811,9812,9812,9816,9816,9817,9817,9817,9818,9818,9818,9818,9819,9819,9820,9821,9821,9823,9824,9824,9825,9825,9825,9825,9825,9826,9826,9826,9827,9827,9827,9827,9827,9828,9828,9828,9828,9829,9829,9829,9829,9829,9829,9830,9830,9830,9830,9830,9830,9830,9830,9830,9830,9830,9830,9830,9830,9830,9830,9830,9830,9830,9830,9830,9830,9830,9830,9830,9830,9830,9830,9830,9830,9830,9830,9830,9830,9830,9830,9830,9830,9830,9830,9830,9830,9830,9830,9830,9830,9830,9830,
0,29,43,55,64,80,95,118,143,163,181,206,228,251,283,322,363,402,431,480,531,581,630,686,741,798,876,956,1034,1120,1219,1336,1432,1534,1646,1760,1887,2002,2129,2270,2395,2535,2662,2803,2950,3098,3229,3385,3548,3672,3846,4017,4194,4329,4498,4645,4793,4976,5115,5270,5438,5616,5779,5933,6077,6208,6369,6523,6651,6776,6885,7001,7132,7240,7356,7497,7597,7696,7785,7876,7979,8076,8157,8244,8324,8403,8460,8521,8592,8653,8719,8778,8825,8861,8903,8954,8998,9040,9094,9139,9179,9210,9247,9282,9308,9338,9364,9390,9419,9442,9470,9490,9508,9521,9539,9550,9562,9575,9593,9607,9618,9627,9634,9647,9657,9664,9672,9679,9680,9685,9687,9690,9698,9703,9710,9717,9720,9724,9728,9731,9733,9734,9736,9738,9739,9742,9744,9744,9744,9747,9752,9756,9756,9757,9758,9759,9759,9759,9760,9761,9766,9766,9769,9770,9770,9770,9771,9772,9773,9774,9775,9775,9775,9776,9777,9778,9780,9780,9782,9783,9784,9785,9786,9786,9788,9788,9788,9788,9789,9789,9789,9790,9790,9790,9790,9790,9790,9790,9790,9790,9791,9791,9791,9791,9791,9791,9791,9791,9792,9792,9792,9792,9792,9792,9792,9792,9793,9794,9794,9794,9795,9795,9795,9795,9795,9795,9796,9796,9796,9797,9797,9797,9797,9798,9798,9798,9798,9798,9798,9798,9798,9798,9798,9798,9798,9798,9798,9798,9798,9798,9798,9798,9798,9798,9798,9798,9798,9798,9798,9798,9798,9798,9798,9798,9798,9798,
0,24,44,53,60,75,100,121,135,150,177,205,244,275,317,350,394,452,498,558,628,686,757,832,927,1006,1100,1197,1308,1427,1534,1663,1793,1932,2071,2228,2384,2539,2714,2892,3049,3214,3412,3613,3784,3960,4141,4309,4483,4647,4818,4998,5165,5339,5511,5678,5858,6019,6192,6344,6496,6650,6800,6952,7103,7245,7395,7544,7665,7793,7899,8023,8147,8246,8335,8423,8513,8614,8698,8774,8861,8937,9007,9067,9137,9201,9267,9342,9405,9469,9523,9570,9609,9662,9701,9742,9776,9825,9855,9886,9921,9940,9977,9994,10024,10051,10077,10092,10120,10140,10156,10168,10180,10193,10210,10223,10237,10249,10255,10266,10273,10283,10291,10300,10307,10314,10315,10321,10324,10327,10332,10338,10342,10346,10351,10356,10360,10363,10365,10368,10369,10371,10372,10373,10374,10374,10379,10381,10384,10385,10386,10389,10389,10390,10391,10391,10391,10393,10393,10393,10394,10395,10395,10396,10397,10397,10397,10398,10398,10399,10400,10400,10400,10400,10400,10400,10400,10400,10400,10401,10401,10401,10403,10403,10403,10403,10403,10403,10403,10403,10403,10404,10404,10404,10404,10404,10404,10404,10404,10404,10404,10404,10404,10404,10404,10404,10404,10404,10404,10404,10404,10404,10404,10404,10404,10404,10404,10404,10404,10404,10404,10404,10404,10404,10404,10404,10404,10404,10404,10404,10404,10404,10404,10404,10404,10404,10404,10404,10404,10404,10404,10404,
0,29,49,61,79,94,106,123,139,163,177,193,211,239,265,297,334,369,405,461,520,576,642,704,769,839,914,989,1086,1174,1282,1400,1524,1623,1738,1881,2020,2157,2297,2434,2564,2722,2864,3011,3163,3317,3449,3594,3765,3928,4104,4250,4415,4562,4722,4885,5050,5206,5357,5479,5649,5785,5925,6060,6178,6312,6427,6555,6675,6783,6900,7033,7138,7251,7358,7451,7547,7636,7716,7787,7855,7928,8009,8091,8151,8221,8272,8329,8390,8447,8489,8530,8583,8625,8663,8699,8754,8788,8819,8848,8886,8905,8930,8964,8985,9006,9029,9043,9059,9076,9093,9105,9127,9141,9154,9174,9187,9196,9208,9219,9231,9239,9244,9253,9260,9265,9270,9276,9286,9294,9302,9305,9314,9318,9323,9327,9331,9333,9337,9340,9344,9346,9349,9349,9351,9352,9353,9354,9357,9358,9362,9365,9369,9369,9372,9374,9376,9380,9381,9382,9388,9389,9389,9389,9391,9392,9392,9392,9392,9394,9394,9395,9395,9395,9396,9396,9397,9398,9399,9399,9399,9400,9400,9400,9400,9400,9401,9403,9403,9403,9404,9404,9404,9405,9406,9407,9407,9407,9407,9408,9409,9409,9410,9410,9410,9410,9410,9411,9411,9411,9411,9411,9411,9411,9411,9412,9413,9413,9414,9414,9414,9414,9415,9415,9415,9415,9416,9416,9416,9416,9416,9416,9416,9416,9416,9416,9416,9416,9416,9416,9416,9416,9416,9416,9416,9416,
0,40,57,67,79,92,106,124,139,162,184,214,242,273,308,341,382,429,485,545,610,676,740,811,882,957,1035,1117,1223,1331,1431,1542,1654,1773,1895,2042,2187,2332,2463,2578,2701,2836,2965,3117,3264,3413,3577,3748,3898,4030,4202,4359,4514,4659,4798,4958,5107,5217,5344,5479,5625,5762,5909,6030,6148,6263,6394,6519,6620,6723,6812,6916,7002,7097,7192,7266,7360,7432,7512,7586,7654,7723,7793,7855,7913,7967,8024,8080,8129,8185,8236,8290,8318,8364,8402,8422,8459,8480,8511,8543,8561,8590,8614,8632,8647,8662,8678,8690,8708,8716,8728,8737,8745,8759,8767,8772,8784,8792,8801,8808,8818,8821,8825,8832,8838,8844,8851,8856,8860,8865,8870,8871,8873,8873,8874,8881,8883,8885,8887,8892,8894,8896,8898,8903,8904,8906,8908,8910,8911,8914,8917,8917,8919,8920,8922,8925,8925,8925,8926,8926,8927,8928,8928,8928,8928,8928,8930,8931,8932,8932,8933,8933,8933,8934,8934,8934,8934,8934,8934,8935,8935,8935,8936,8936,8936,8936,8936,8936,8936,8936,8937,8937,8937,8937,8937,8937,8937,8937,8937,8937,8937,8937,8937,8937,8937,8937,8937,8937,8937,8937,8937,8937,8937,8937,8937,8937,8937,8937,8937,8937,8937,8937,8937,8937,8937,8937,8937,8937,8937,8937,8937,8937,8937,8937,8937,8937,8937,8937,8937,8937,8937,8937,8937,8937,8937,8937,8937,8937,8937,8937,8937,8937,8937,8937,8937,8937,8937,8937,8937,8937,8937,8937,8937,8937,8937,8937,8937,8937,8937,8937,8937,8937,8937,8937,8937,8937,8937,8937,8937,8937,8937,8938,8938,8938,8938,8938,8938,8938,8938,8938,8938,8938,8938,8938,8938,8938,8938,8938,8938,
0,26,41,60,68,89,113,136,152,169,188,216,246,290,323,345,384,428,462,508,567,621,681,743,813,886,959,1045,1137,1226,1317,1429,1560,1681,1772,1904,2035,2179,2308,2444,2588,2733,2894,3036,3211,3372,3527,3691,3855,4037,4203,4368,4555,4714,4885,5056,5208,5385,5552,5708,5849,6015,6155,6296,6440,6574,6727,6895,7026,7149,7263,7391,7521,7649,7776,7872,7968,8058,8153,8245,8337,8418,8497,8571,8644,8723,8785,8836,8884,8950,8992,9029,9090,9135,9180,9216,9255,9304,9336,9364,9387,9410,9441,9465,9493,9518,9537,9560,9580,9602,9620,9632,9645,9663,9675,9691,9703,9711,9720,9728,9742,9749,9756,9762,9771,9775,9788,9793,9797,9804,9806,9811,9820,9822,9825,9830,9833,9835,9841,9843,9843,9846,9850,9852,9860,9862,9865,9867,9872,9874,9879,9880,9880,9880,9881,9883,9885,9886,9887,9889,9889,9891,9892,9893,9894,9897,9898,9899,9899,9900,9900,9901,9901,9901,9901,9902,9903,9905,9905,9905,9905,9905,9905,9905,9905,9905,9905,9905,9905,9905,9906,9906,9906,9906,9906,9906,9906,9906,9906,9906,9906,9906,9906,9906,9906,9906,9906,9906,9906,9906,9906,9906,9906,9906,9906,9906,9906,9906,9906,9906,9906,9906,9906,9906,9906,9906,9906,9906,9906,9906,9906,9906,9906,9906,9906,9906,9906,9906,9906,9906,9906,9906,9906,9906,9906,9906,9906,9906,9906,9906,9906,9906,9906,9906,9906,9906,9906,9906,9906,9906,9906,9906,9906,9906,9906,
0,30,49,60,75,89,103,116,141,153,171,195,216,235,262,301,329,371,406,461,507,564,625,679,751,823,919,1011,1127,1223,1339,1475,1587,1720,1839,1967,2110,2250,2395,2538,2705,2874,3037,3209,3365,3513,3663,3819,4010,4160,4305,4495,4660,4804,4966,5134,5292,5434,5577,5730,5860,5988,6134,6279,6399,6521,6637,6746,6856,6959,7080,7183,7307,7405,7493,7598,7693,7786,7871,7959,8031,8106,8179,8244,8307,8377,8438,8505,8562,8612,8655,8704,8735,8771,8813,8851,8887,8929,8957,8988,9030,9066,9093,9113,9134,9158,9180,9205,9231,9245,9258,9268,9282,9297,9306,9322,9335,9342,9349,9360,9366,9374,9383,9393,9401,9402,9403,9404,9406,9408,9414,9422,9426,9429,9430,9432,9435,9438,9441,9442,9445,9448,9451,9453,9455,9459,9460,9461,9461,9461,9463,9465,9466,9466,9466,9467,9468,9470,9472,9472,9474,9475,9477,9478,9478,9479,9479,9479,9479,9479,9479,9479,9480,9480,9480,9480,9480,9480,9480,9481,9481,9481,9481,9481,9481,9481,9481,9481,9481,9481,9481,9481,9481,9481,9481,9481,9481,9481,9481,9481,9481,9481,9481,9481,9481,9481,9481,9481,9481,9481,9481,9481,9481,9481,9481,9481,9481,9481,9481,9481,9481,9481,9481,9481,9481,9481,9481,9481,9481,9481,9481,9481,9481,9481,9481,9481,9481,9481,9481,9481,9481,9481,9481,9481,9481,9481,9481,
0,26,46,56,65,84,108,128,144,171,192,217,251,282,322,377,426,470,530,583,641,702,773,852,931,1027,1122,1236,1353,1478,1613,1749,1896,2034,2182,2345,2531,2696,2861,3048,3240,3417,3613,3801,3974,4152,4364,4562,4764,4963,5161,5327,5521,5687,5839,6007,6145,6309,6484,6631,6783,6936,7087,7228,7366,7496,7624,7724,7837,7946,8037,8120,8212,8295,8393,8480,8562,8641,8722,8794,8879,8953,9016,9085,9149,9207,9269,9334,9402,9453,9500,9554,9604,9642,9694,9730,9773,9815,9874,9919,9961,9995,10028,10055,10091,10117,10150,10183,10205,10234,10268,10303,10322,10343,10350,10379,10403,10419,10443,10459,10482,10500,10511,10526,10536,10547,10557,10570,10585,10593,10603,10613,10623,10632,10642,10659,10666,10670,10679,10690,10703,10708,10718,10725,10734,10738,10744,10747,10751,10753,10756,10758,10761,10765,10771,10773,10774,10775,10776,10778,10781,10785,10787,10787,10788,10789,10792,10794,10796,10796,10796,10796,10801,10802,10802,10802,10803,10804,10805,10805,10806,10807,10807,10807,10807,10807,10808,10810,10811,10814,10814,10814,10814,10815,10816,10817,10817,10817,10818,10818,10820,10820,10820,10820,10820,10820,10820,10820,10820,10820,10820,10820,10820,10820,10820,10820,10820,10820,10820,10820,10820,10820,10820,10820,10820,10820,10820,10820,10820,10820,10820,10820,10820,10820,10820,
0,32,47,54,71,86,102,113,132,155,176,201,228,245,271,302,334,365,396,439,471,505,541,589,630,680,736,818,913,982,1058,1161,1264,1385,1488,1610,1715,1827,1957,2082,2197,2349,2496,2620,2771,2901,3048,3194,3333,3478,3611,3744,3879,4024,4139,4257,4411,4544,4675,4800,4921,5054,5194,5320,5434,5543,5659,5782,5889,5986,6091,6177,6246,6331,6423,6499,6586,6663,6740,6811,6880,6936,6996,7051,7112,7161,7210,7250,7283,7315,7351,7389,7420,7449,7477,7506,7538,7564,7588,7622,7644,7658,7687,7708,7724,7734,7756,7769,7778,7794,7806,7814,7826,7836,7854,7863,7874,7884,7895,7902,7911,7927,7935,7942,7953,7957,7969,7978,7985,7993,7999,8004,8007,8013,8018,8024,8027,8027,8030,8031,8033,8038,8038,8042,8047,8047,8049,8051,8052,8055,8055,8055,8055,8056,8056,8057,8058,8059,8060,8060,8063,8064,8064,8064,8065,8066,8067,8067,8067,8067,8068,8069,8069,8069,8070,8071,8074,8074,8075,8075,8075,8075,8075,8075,8075,8075,8075,8075,8075,8076,8077,8077,8077,8077,8077,8077,8077,8077,8077,8077,8077,8077,8077,8077,8077,8077,8077,8077,8077,8077,8077,8077,8077,8078,8079,8079,8079,8079,8079,8079,8079,8079,8079,8079,8079,8079,8079,8079,8079,8079,8079,8079,8079,8079,8079,8079,8079,8079,8079,8079,
0,35,51,60,69,83,97,113,129,140,157,185,210,239,266,299,331,366,403,437,480,523,568,628,694,757,824,903,988,1062,1149,1211,1315,1417,1508,1622,1736,1845,1959,2056,2183,2314,2440,2578,2721,2858,3019,3165,3301,3453,3587,3719,3870,4015,4154,4301,4442,4583,4716,4856,4982,5128,5240,5352,5470,5583,5689,5809,5911,6013,6116,6223,6317,6430,6517,6612,6697,6782,6862,6942,7016,7076,7143,7206,7265,7327,7374,7425,7466,7523,7581,7625,7669,7711,7756,7801,7842,7872,7900,7928,7965,7996,8024,8052,8072,8095,8112,8133,8157,8174,8192,8209,8222,8241,8257,8266,8274,8289,8302,8309,8315,8323,8330,8342,8351,8360,8366,8370,8375,8380,8391,8397,8403,8411,8416,8420,8422,8424,8426,8431,8434,8437,8442,8443,8448,8453,8455,8458,8461,8463,8464,8465,8466,8468,8468,8470,8472,8473,8477,8479,8480,8481,8482,8482,8484,8485,8486,8486,8488,8488,8488,8488,8489,8490,8492,8492,8492,8492,8492,8492,8492,8492,8492,8492,8493,8493,8493,8493,8493,8494,8494,8495,8495,8495,8496,8496,8496,8496,8496,8496,8497,8497,8497,8497,8497,8497,8497,8497,8497,8497,8497,8498,8498,8498,8498,8498,8498,8498,8498,8498,8498,8498,8498,8498,8498,8498,8498,8498,8498,8498,8498,8498,8498,8498,8498,8498,8498,8498,8498,8498,8498,8498,8498,8498,8498,8498,8498,8498,8498,8498,8498,8498,8498,8498,8498,8498,8498,8498,8498,8498,8498,8498,8498,8498,8498,8498,8498,8498,8498,8498,8498,8498,8498,8498,8498,8498,8498,8498,8498,8498,8498,8498,8498,8498,8498,8498,8498,8498,8498,8498,8498,8498,8498,8498,8498,8498,8498,8498,8498,8498,8498,8498,8498,8498,
0,28,41,60,83,100,120,134,152,166,186,210,244,274,304,339,388,433,487,535,574,635,715,778,840,931,1003,1087,1185,1263,1368,1465,1570,1681,1801,1914,2055,2199,2346,2489,2646,2791,2971,3152,3326,3503,3686,3885,4081,4272,4491,4667,4869,5056,5243,5425,5617,5791,5986,6185,6409,6587,6738,6899,7048,7202,7374,7546,7713,7868,8038,8193,8336,8477,8606,8754,8881,9026,9148,9266,9380,9500,9608,9712,9798,9897,9994,10100,10190,10283,10372,10452,10540,10609,10685,10752,10818,10885,10939,10989,11032,11065,11104,11149,11190,11227,11272,11313,11348,11382,11424,11471,11495,11526,11550,11571,11594,11616,11634,11646,11664,11688,11704,11716,11731,11749,11757,11764,11778,11785,11792,11801,11811,11820,11830,11841,11850,11857,11861,11867,11872,11876,11881,11883,11887,11890,11895,11902,11907,11912,11915,11920,11924,11927,11928,11930,11932,11933,11936,11937,11940,11942,11943,11945,11947,11949,11952,11953,11954,11954,11954,11956,11956,11957,11957,11957,11957,11957,11958,11958,11959,11960,11961,11962,11962,11962,11962,11962,11962,11963,11964,11964,11964,11964,11964,11964,11965,11966,11966,11967,11967,11968,11968,11968,11968,11968,11968,11968,11968,11968,11968,11968,11968,11968,11968,11968,11968,11968,11968,11968,11968,11969,11969,11969,11969,11970,11970,11971,11971,11971,11971,
0,41,53,67,77,94,117,134,150,166,183,197,211,242,264,295,325,373,401,438,482,525,586,649,715,786,855,931,1044,1125,1224,1334,1433,1542,1672,1794,1938,2070,2228,2397,2551,2731,2893,3072,3240,3420,3607,3770,3956,4142,4346,4543,4705,4891,5082,5266,5461,5653,5828,5999,6172,6369,6550,6733,6890,7053,7230,7375,7548,7703,7859,7992,8123,8246,8371,8483,8578,8686,8791,8884,8967,9075,9162,9261,9332,9425,9494,9575,9635,9704,9763,9809,9856,9904,9944,9984,10027,10066,10102,10135,10175,10215,10241,10276,10310,10335,10351,10377,10398,10421,10444,10461,10484,10502,10509,10524,10533,10546,10557,10572,10583,10594,10605,10613,10624,10637,10651,10660,10665,10674,10684,10690,10700,10703,10707,10711,10714,10721,10729,10734,10735,10739,10741,10745,10748,10752,10757,10758,10758,10759,10760,10762,10764,10765,10770,10771,10773,10773,10774,10775,10776,10777,10778,10780,10780,10783,10783,10785,10785,10786,10787,10787,10787,10787,10787,10787,10787,10787,10787,10787,10787,10788,10788,10789,10790,10790,10790,10790,10790,10790,10790,10790,10791,10791,10791,10791,10792,10792,10792,10792,10792,10792,10792,10792,10792,10792,10792,10792,10792,10792,10792,10792,10792,10792,10792,10792,10792,10792,10792,10792,10792,10792,10792,10792,10792,10792,10792,10792,10792,10792,10792,10792,10792,10792,
0,29,46,56,74,98,116,139,172,209,240,280,332,371,417,467,526,590,670,735,810,897,994,1079,1175,1277,1381,1505,1631,1755,1896,2033,2202,2367,2527,2679,2855,3005,3186,3349,3514,3688,3875,4057,4242,4440,4618,4809,5015,5197,5375,5539,5684,5855,6043,6195,6334,6508,6652,6807,6968,7124,7277,7400,7533,7673,7789,7895,8023,8135,8239,8342,8458,8575,8668,8757,8841,8931,9017,9093,9162,9223,9293,9359,9423,9494,9550,9602,9650,9696,9747,9793,9830,9867,9910,9950,9987,10023,10051,10088,10119,10153,10184,10215,10246,10272,10290,10309,10324,10349,10365,10382,10395,10402,10414,10427,10436,10447,10461,10476,10487,10501,10506,10510,10521,10525,10532,10538,10542,10550,10558,10564,10571,10578,10580,10584,10588,10590,10594,10597,10598,10601,10603,10610,10611,10616,10616,10617,10617,10618,10621,10622,10623,10623,10625,10626,10627,10627,10629,10630,10631,10632,10632,10632,10632,10632,10633,10633,10633,10633,10633,10634,10634,10635,10635,10635,10635,10636,10636,10638,10638,10638,10639,10639,10639,10639,10639,10639,10639,10639,10639,10639,10640,10640,10640,10640,10640,10640,10640,10640,10640,10640,10640,10640,10640,10640,10640,10640,10640,10640,10640,10640,10640,10640,10640,10640,10640,10640,10641,10641,10641,10641,10641,10641,10641,10641,10641,10641,10641,10641,10641,10641,10641,10641,10641,10641,10641,10641,10641,10641,10641,10641,10641,10641,10641,10641,10641,10641,10641,10641,10641,10641,10641,10641,10641,10641,10641,10641,10641,10641,10641,10641,10641,10641,10641,10641,10641,10641,10641,10641,
0,27,46,55,66,81,97,111,130,148,175,202,242,273,312,343,396,454,502,565,634,703,780,851,935,1014,1109,1197,1282,1406,1507,1628,1746,1877,2029,2163,2295,2435,2571,2730,2878,3018,3167,3318,3485,3660,3850,4035,4200,4390,4550,4729,4887,5068,5236,5419,5598,5776,5964,6133,6285,6445,6621,6777,6922,7052,7204,7356,7466,7599,7730,7864,7968,8092,8201,8292,8385,8469,8566,8667,8753,8839,8913,8997,9073,9152,9214,9292,9359,9433,9507,9570,9635,9695,9738,9804,9852,9906,9967,10006,10054,10108,10150,10188,10222,10246,10273,10296,10325,10351,10377,10393,10411,10424,10443,10463,10476,10498,10524,10536,10545,10557,10567,10581,10591,10601,10610,10618,10623,10630,10632,10634,10641,10647,10652,10659,10664,10671,10672,10675,10678,10679,10680,10683,10688,10690,10692,10692,10694,10694,10697,10700,10702,10702,10704,10704,10706,10707,10708,10709,10709,10710,10710,10712,10712,10713,10713,10716,10717,10717,10717,10717,10717,10717,10717,10719,10719,10719,10719,10719,10719,10719,10719,10719,10719,10719,10720,10720,10720,10720,10720,10721,10721,10721,10722,10722,10722,10723,10723,10723,10723,10723,10723,10723,10723,10723,10723,10723,10723,10723,10723,10723,10723,10723,10723,10723,10723,10723,10723,10723,10723,10723,10723,10723,10723,10723,10723,10723,10723,10723,10723,10723,10723,10723,10723,10723,10723,10723,10723,10723,10723,10723,10723,
0,24,40,52,63,78,90,110,126,138,165,192,228,251,284,328,365,406,461,515,567,634,715,796,867,946,1018,1090,1177,1276,1390,1504,1603,1718,1834,1958,2089,2214,2375,2516,2648,2761,2901,3062,3204,3343,3507,3662,3822,3963,4115,4252,4405,4575,4731,4881,5015,5176,5329,5471,5605,5741,5876,6022,6145,6283,6409,6553,6663,6791,6899,7010,7084,7183,7285,7394,7483,7585,7669,7767,7844,7916,7998,8069,8144,8206,8277,8355,8412,8461,8515,8576,8634,8691,8734,8801,8832,8875,8919,8966,9007,9050,9091,9131,9159,9188,9207,9230,9255,9280,9303,9335,9353,9381,9405,9426,9435,9457,9474,9492,9507,9525,9536,9554,9569,9590,9604,9613,9624,9633,9650,9657,9679,9687,9694,9702,9707,9715,9728,9735,9739,9747,9752,9756,9762,9769,9771,9777,9782,9787,9790,9792,9802,9805,9806,9809,9815,9817,9819,9824,9826,9827,9828,9831,9832,9832,9833,9835,9836,9836,9838,9841,9841,9842,9844,9845,9845,9847,9847,9850,9850,9852,9852,9853,9853,9853,9853,9855,9855,9856,9856,9856,9856,9857,9857,9858,9858,9858,9858,9858,9858,9858,9858,9858,9858,9858,9858,9858,9858,9858,9858,9858,9858,9858,9858,9858,9858,9858,9858,9858,9858,9858,9859,9860,
0,38,53,64,75,94,109,133,156,182,198,221,250,290,320,363,405,446,495,551,598,656,711,772,844,907,984,1068,1153,1246,1336,1439,1559,1684,1786,1914,2025,2147,2288,2405,2549,2704,2866,3002,3161,3319,3506,3668,3814,3973,4150,4314,4467,4640,4817,4992,5151,5337,5502,5642,5833,5986,6150,6312,6471,6617,6764,6915,7042,7181,7310,7442,7565,7702,7831,7959,8069,8181,8278,8375,8474,8570,8680,8772,8858,8934,9001,9057,9127,9193,9239,9299,9355,9400,9443,9496,9546,9585,9620,9651,9683,9720,9737,9771,9796,9818,9847,9867,9894,9918,9938,9957,9973,9987,10009,10024,10046,10059,10067,10080,10093,10102,10116,10125,10135,10145,10162,10169,10178,10187,10193,10202,10210,10216,10220,10226,10230,10234,10240,10244,10247,10253,10256,10260,10265,10271,10272,10275,10280,10284,10288,10289,10291,10294,10295,10297,10297,10298,10300,10301,10304,10305,10308,10308,10308,10308,10308,10309,10310,10311,10312,10315,10315,10315,10315,10315,10316,10316,10318,10318,10318,10318,10318,10318,10318,10318,10318,10318,10318,10318,10318,10318,10318,10318,10318,10319,10319,10319,10319,10320,10320,10320,10320,10320,10320,10320,10320,10320,10320,10320,10320,10320,10320,10320,10320,10320,10320,10320,10320,10320,10320,10320,10320,10320,10320,10320,10320,10320,10320,10320,10320,10320,10320,10320,10320,10320,10320,10320,10320,10320,10320,10320,10320,10320,10320,10320,10320,10320,10320,10320,10320,10320,10320,10320,10320,10320,10320,10320,10320,10320,10320,10320,10320,10320,10320,10320,10320,10320,10320,10321,10321,10321,10321,10321,10321,10321,10321,10321,10321,10321,10321,10321,10321,10321,10321,10321,10321,10321,
0,29,47,61,76,89,104,128,149,164,181,203,223,241,262,284,318,345,380,420,457,497,540,579,634,703,748,814,890,955,1029,1101,1184,1271,1368,1471,1555,1667,1800,1931,2062,2192,2337,2484,2621,2760,2908,3082,3232,3386,3547,3699,3855,4034,4227,4390,4564,4719,4888,5036,5188,5341,5499,5659,5797,5951,6113,6257,6399,6548,6680,6825,6975,7090,7214,7329,7432,7554,7683,7780,7897,8003,8097,8177,8263,8340,8432,8494,8581,8652,8728,8811,8891,8971,9048,9114,9175,9249,9301,9368,9433,9482,9536,9586,9631,9684,9731,9774,9814,9853,9899,9931,9966,10006,10036,10075,10103,10135,10163,10190,10211,10235,10258,10284,10310,10338,10365,10387,10402,10425,10440,10455,10471,10485,10495,10508,10518,10533,10543,10551,10564,10572,10579,10583,10588,10593,10601,10604,10606,10609,10616,10626,10632,10642,10645,10647,10649,10653,10655,10656,10656,10659,10662,10664,10666,10667,10667,10672,10672,10673,10673,10676,10676,10678,10679,10680,10682,10683,10683,10685,10685,10686,10686,10686,10687,10687,10688,10688,10689,10691,10691,10691,10691,10692,10693,10693,10693,10693,10693,10693,10693,10694,10694,10694,10695,10695,10696,10696,10696,10696,10697,10697,10697,10698,10698,10698,10699,10699,10699,10700,10700,10700,
0,36,48,63,82,101,127,159,190,218,247,273,293,333,372,398,430,467,521,570,639,703,769,842,927,1002,1098,1171,1257,1354,1468,1580,1700,1821,1958,2080,2225,2356,2485,2608,2761,2913,3065,3234,3395,3546,3716,3895,4067,4228,4400,4589,4759,4923,5091,5268,5438,5591,5761,5923,6056,6204,6376,6519,6679,6816,6945,7082,7220,7339,7466,7583,7710,7820,7923,8056,8145,8243,8346,8446,8535,8621,8730,8815,8914,8980,9051,9132,9200,9261,9324,9384,9435,9481,9536,9582,9624,9681,9718,9760,9796,9835,9872,9903,9946,9975,10003,10032,10052,10079,10101,10126,10151,10169,10189,10207,10226,10239,10259,10272,10286,10296,10311,10319,10335,10346,10358,10372,10378,10392,10399,10411,10421,10426,10432,10440,10448,10454,10459,10466,10469,10475,10479,10486,10490,10492,10493,10498,10502,10503,10508,10511,10513,10514,10516,10516,10517,10519,10521,10524,10525,10526,10531,10532,10532,10534,10535,10536,10536,10536,10538,10538,10539,10540,10541,10542,10542,10542,10542,10542,10542,10542,10543,10543,10543,10544,10545,10545,10545,10546,10546,10546,10546,10547,10547,10547,10547,10547,10547,10547,10547,10547,10547,10547,10547,10547,10547,10547,10547,10547,10547,10547,10547,10547,10547,10547,10547,10547,10547,10547,10547,10547,10547,10547,10547,10547,10547,10547,10547,10547,10547,10547,10547,10547,10547,10547,10547,10547,10547,10547,10547,10547,10547,10547,10547,10547,10547,10547,10547,10547,10547,10547,10547,10547,10547,10547,10547,10547,10547,10547,10547,10547,10547,10547,10547,10547,10547,10547,10547,10547,10547,10547,10547,10547,10547,10547,10547,10547,10547,10547,10547,10547,10547,10547,10547,10547,10547,10547,10547,10547,10547,10547,10547,10547,10547,10547,10547,10547,10547,10547,10547,10547,10547,10547,10547,10547,10547,10547,10547,10547,10547,10547,10547,10547,10547,10547,10547,10547,10547,10547,10547,10547,10547,10547,10547,10547,10547,10547,10547,10547,10547,10547,10547,10547,10547,10547,10547,10547,10547,10547,10547,10547,10547,10547,10547,10547,10547,10547,10547,10547,10547,10547,10547,10547,10547,10547,10547,10547,10547,10547,
0,19,45,63,76,96,111,126,145,176,198,228,264,301,336,379,424,454,507,554,620,682,746,806,886,981,1083,1180,1267,1395,1514,1631,1777,1929,2083,2241,2385,2548,2717,2910,3110,3316,3507,3700,3901,4108,4303,4518,4748,4971,5182,5391,5624,5822,6060,6251,6483,6719,6916,7098,7279,7466,7640,7851,8065,8218,8371,8528,8683,8839,8986,9136,9266,9398,9515,9625,9746,9861,9957,10041,10135,10212,10294,10369,10458,10539,10614,10689,10748,10821,10893,10959,11018,11070,11115,11170,11228,11278,11320,11366,11408,11432,11477,11512,11549,11581,11613,11640,11667,11700,11725,11745,11766,11789,11805,11818,11832,11847,11858,11877,11888,11906,11922,11937,11944,11957,11967,11973,11980,11993,12003,12006,12012,12019,12023,12034,12038,12047,12055,12056,12062,12065,12072,12074,12079,12080,12083,12088,12090,12090,12093,12095,12099,12101,12101,12103,12107,12109,12110,12110,12114,12115,12116,12118,12119,12122,12122,12124,12124,12124,12124,12125,12126,12126,12126,12128,12128,12128,12128,12128,12128,12128,12128,12128,12128,12128,12129,12130,12130,12131,12131,12131,12131,12131,12131,12131,12131,12131,12131,12131,12131,12131,12131,12131,12131,12131,12131,12132,12132,12132,12132,12132,12132,12132,12132,12132,12132,12132,12132,12132,12132,12132,12132,12132,12132,12132,12132,12132,12132,12133,12133,12133,12133,12133,12133,12133,12133,12133,12133,12133,12133,12133,12133,12133,12133,12133,12133,12133,12133,12133,12133,12133,12133,12133,12133,12133,12133,12133,
0,37,47,65,80,90,101,112,133,152,170,185,216,239,273,306,349,394,444,499,560,629,689,753,833,924,1034,1110,1220,1322,1435,1563,1666,1814,1938,2091,2241,2388,2549,2719,2929,3095,3266,3445,3647,3828,3981,4147,4323,4490,4668,4844,5022,5177,5357,5505,5664,5836,5993,6137,6297,6442,6580,6699,6826,6938,7060,7188,7304,7423,7528,7609,7699,7798,7886,7972,8058,8137,8225,8288,8343,8405,8461,8513,8567,8615,8656,8700,8758,8807,8846,8890,8921,8964,9007,9032,9058,9083,9107,9136,9163,9189,9213,9231,9257,9292,9311,9324,9340,9347,9365,9376,9392,9413,9427,9436,9452,9469,9481,9496,9511,9513,9519,9522,9529,9535,9541,9546,9548,9557,9563,9570,9574,9578,9586,9591,9595,9597,9599,9603,9608,9612,9615,9618,9620,9623,9626,9629,9630,9632,9633,9633,9634,9635,9638,9642,9643,9643,9643,9643,9643,9644,9648,9649,9651,9654,9655,9658,9661,9663,9664,9664,9664,9664,9664,9664,9664,9664,9665,9665,9665,9665,9666,9666,9666,9666,9666,9666,9666,9666,9666,9666,9666,9666,9668,9668,9668,9668,9669,9669,9669,9669,9669,9670,9670,9670,9670,9670,9670,9670,9670,9670,9670,9670,9670,9670,9670,9670,9670,9670,9670,9670,9670,9670,9670,9670,9670,9670,9670,9670,9670,9670,9670,
0,31,51,63,80,95,106,121,135,157,182,206,228,246,277,308,340,374,418,468,518,566,611,676,734,811,884,975,1091,1188,1296,1383,1486,1590,1711,1838,1959,2083,2212,2341,2464,2624,2769,2913,3061,3192,3358,3516,3664,3838,4014,4172,4340,4531,4693,4867,5032,5173,5344,5495,5638,5780,5922,6057,6184,6320,6437,6559,6702,6813,6940,7037,7130,7248,7343,7441,7526,7606,7684,7758,7843,7902,7957,8021,8084,8146,8210,8277,8321,8363,8414,8468,8506,8546,8590,8624,8654,8693,8730,8767,8799,8824,8842,8867,8883,8920,8946,8966,8991,9007,9028,9047,9075,9093,9107,9121,9133,9149,9157,9175,9194,9208,9222,9228,9240,9248,9254,9259,9265,9271,9278,9286,9292,9296,9300,9304,9309,9315,9317,9318,9319,9320,9323,9329,9333,9334,9334,9334,9336,9338,9340,9342,9342,9342,9343,9343,9345,9346,9346,9346,9346,9347,9348,9349,9351,9353,9354,9355,9356,9357,9359,9360,9360,9360,9360,9360,9360,9360,9360,9361,9361,9362,9362,9363,9363,9364,9364,9364,9364,9364,9364,9364,9364,9364,9364,9364,9364,9364,9364,9364,9364,9364,9364,9364,9364,9364,9364,9364,9364,9364,9364,9364,9364,9364,9364,9364,9364,9364,9364,9364,9364,9364,9364,9364,9364,9364,9364,9364,9364,9364,9364,9364,9364,9364,9364,9364,9365,9365,9365,9365,9365,9365,9365,9365,9365,9365,9365,9365,
0,33,49,63,78,93,111,140,167,194,215,258,289,315,352,387,439,486,531,581,634,712,773,837,902,976,1060,1156,1247,1335,1439,1571,1683,1818,1961,2111,2239,2396,2539,2712,2873,3045,3216,3381,3558,3726,3933,4098,4286,4452,4616,4775,4922,5083,5233,5377,5518,5659,5832,5984,6118,6277,6416,6560,6689,6842,6972,7080,7200,7317,7418,7523,7612,7712,7785,7903,7994,8080,8152,8244,8326,8391,8451,8520,8581,8656,8716,8770,8828,8888,8942,8975,9011,9063,9103,9150,9191,9224,9266,9304,9332,9370,9409,9438,9463,9493,9513,9545,9572,9595,9618,9643,9661,9676,9699,9727,9750,9773,9788,9800,9820,9834,9852,9867,9893,9912,9925,9942,9959,9971,9989,10000,10012,10023,10034,10044,10057,10064,10071,10081,10084,10089,10095,10103,10114,10120,10122,10129,10132,10140,10144,10149,10152,10156,10157,10160,10162,10163,10164,10164,10164,10166,10166,10166,10167,10167,10170,10171,10172,10175,10177,10180,10180,10180,10180,10180,10180,10180,10182,10183,10183,10183,10183,10187,10187,10187,10187,10187,10187,10188,10188,10188,10188,10188,10188,10188,10188,10188,10188,10188,10188,10188,10188,10188,10188,10188,
0,33,49,65,79,94,116,127,147,159,176,189,217,238,271,295,320,355,392,430,465,514,571,623,671,737,814,876,948,1021,1125,1202,1296,1389,1497,1608,1713,1837,1960,2081,2226,2364,2490,2628,2761,2893,3045,3198,3338,3475,3620,3765,3912,4031,4182,4318,4443,4561,4693,4835,4974,5089,5212,5330,5465,5580,5711,5822,5939,6058,6156,6258,6355,6451,6541,6638,6708,6785,6869,6956,7026,7089,7171,7250,7316,7368,7431,7495,7555,7619,7683,7730,7776,7829,7871,7908,7953,7995,8037,8075,8116,8150,8192,8227,8266,8292,8320,8350,8368,8395,8419,8444,8465,8500,8515,8538,8567,8594,8617,8644,8670,8682,8700,8720,8750,8774,8796,8805,8824,8840,8852,8863,8873,8887,8897,8909,8923,8938,8951,8967,8981,8992,9000,9010,9019,9030,9043,9059,9068,9080,9088,9096,9109,9123,9133,9140,9149,9161,9172,9177,9182,9185,9186,9191,9195,9201,9202,9202,9206,9209,9212,9217,9222,9230,9235,9240,9249,9254,9255,9260,9262,9263,9266,9272,9275,9276,9279,9283,9287,9291,9291,9295,9297,9298,9299,9300,9300,9300,9303,9304,9305,9308,9309,9311,9311,9312,9313,9313,9313,9315,9316,9316,9317,9319,9320,9321,9323,9323,9323,9323,9324,9325,9327,9327,9327,9327,9327,9328,9328,9328,9328,9329,9329,9330,9330,9331,9331,9332,9332,9335,9335,9336,9336,9338,9338,9339,9339,9339,9339,9339,9340,9340,9341,9341,9341,9341,9341,9342,9343,9343,9343,9343,9343,9343,9343,9343,9343,9343,9343,9343,9343,
0,35,49,65,74,87,102,116,131,150,178,200,229,258,292,317,343,380,412,462,505,551,595,659,714,767,836,924,1014,1098,1197,1318,1446,1567,1691,1799,1910,2060,2186,2345,2480,2649,2787,2964,3126,3298,3456,3615,3794,3967,4126,4305,4478,4628,4785,4954,5113,5264,5422,5584,5737,5876,6032,6179,6346,6509,6641,6789,6923,7055,7185,7315,7441,7549,7665,7772,7887,8007,8110,8210,8324,8412,8502,8591,8685,8754,8826,8896,8964,9023,9093,9163,9228,9279,9326,9370,9410,9461,9503,9541,9569,9613,9653,9694,9725,9751,9783,9812,9834,9864,9893,9909,9933,9954,9971,9990,10008,10022,10041,10054,10073,10087,10100,10113,10124,10138,10149,10160,10167,10178,10183,10189,10195,10203,10208,10215,10218,10228,10232,10239,10243,10246,10253,10255,10258,10263,10264,10265,10267,10268,10270,10270,10271,10273,10275,10279,10280,10280,10282,10282,10283,10284,10286,10291,10291,10292,10293,10294,10295,10297,10297,10297,10297,10298,10300,10301,10302,10303,10304,10304,10306,10307,10307,10307,10307,10308,10308,10308,10308,10308,10308,10309,10309,10310,10310,10311,10312,10312,10312,10312,10312,10312,10312,10312,10312,10312,10312,10312,10312,10312,10312,10312,10312,10312,10312,10312,10312,10312,10312,10312,10312,10312,10313,
0,26,37,53,65,74,87,101,121,139,151,174,201,241,262,306,331,370,406,454,498,547,607,679,741,814,892,984,1076,1184,1278,1390,1495,1614,1713,1842,1971,2119,2255,2414,2560,2700,2856,2999,3159,3336,3512,3700,3898,4081,4268,4455,4643,4838,5046,5241,5428,5627,5832,6020,6222,6428,6632,6797,6976,7157,7312,7473,7644,7790,7922,8063,8226,8375,8493,8637,8746,8840,8944,9046,9139,9232,9317,9407,9496,9579,9660,9729,9784,9856,9911,9986,10040,10087,10138,10179,10220,10259,10301,10347,10385,10424,10465,10506,10532,10572,10604,10644,10672,10704,10735,10757,10787,10814,10840,10868,10891,10912,10929,10943,10955,10970,10985,11005,11012,11030,11038,11045,11056,11061,11070,11086,11100,11113,11123,11130,11141,11157,11164,11171,11174,11184,11190,11200,11208,11216,11222,11228,11233,11240,11245,11252,11258,11262,11265,11270,11276,11283,11289,11296,11300,11307,11310,11316,11319,11323,11326,11328,11332,11335,11340,11341,11344,11346,11347,11350,11350,11353,11355,11356,11359,11361,11362,11366,11368,11371,11371,11373,11376,11377,11377,11378,11379,11379,11379,11379,11380,11380,11381,11381,11381,11381,11382,11382,11382,11384,11385,11385,11385,11385,11387,11389,11390,11392,11393,11394,11394,11394,11396,11396,11397,11397,11397,11397,11397,11397,11397,11397,11397,11397,11397,11397,11397,11397,11397,11397,11397,11397,11397,11397,11397,11397,11397,11397,11398,11398,11398,11398,11398,11398,11398,11399,11400,11401,11401,11401,11401,11401,11401,11402,11402,11402,11402,11402,11402,11402,11402,11402,11402,11402,11402,11402,11402,11402,11402,11402,11402,11402,11402,11402,11402,11402,11402,11402,11402,11402,11402,11402,11402,11402,11402,11402,11402,11402,11402,11402,11402,11402,11402,11402,11402,11402,11402,11402,11402,11402,11402,11402,11402,11402,11402,11402,11402,11402,
0,30,48,62,73,86,101,112,128,148,166,191,214,248,273,302,336,378,421,475,528,584,667,741,841,935,1023,1118,1223,1335,1460,1571,1709,1828,1950,2094,2227,2381,2544,2703,2843,3039,3204,3353,3516,3670,3827,3998,4169,4336,4498,4692,4851,5004,5189,5378,5517,5652,5801,5935,6088,6213,6355,6480,6593,6720,6819,6926,7046,7133,7242,7348,7453,7553,7636,7727,7826,7922,7998,8082,8167,8225,8287,8356,8420,8481,8551,8610,8672,8723,8771,8831,8879,8938,8987,9027,9075,9117,9159,9190,9219,9240,9268,9310,9331,9360,9378,9405,9414,9433,9454,9469,9487,9503,9517,9527,9541,9553,9564,9578,9588,9600,9605,9612,9628,9635,9644,9652,9658,9667,9673,9682,9692,9697,9702,9703,9706,9709,9713,9718,9720,9723,9728,9735,9739,9744,9745,9748,9753,9756,9759,9764,9764,9765,9767,9769,9770,9771,9772,9772,9773,9773,9774,9774,9774,9776,9776,9777,9777,9777,9778,9780,9780,9782,9782,9782,9784,9784,9784,9787,9787,9787,9787,9787,9788,9789,9789,9790,9790,9790,9790,9790,9790,9790,9791,9792,9792,9792,9792,9792,9792,9792,9792,9792,9792,9792,9792,9792,9792,9792,9792,9792,9792,9792,9792,9792,9792,9792,9792,9792,9792,9792,9792,9792,9792,9792,9792,9792,9792,
0,28,48,66,79,94,115,133,143,170,205,234,260,292,321,365,402,440,480,520,574,633,692,750,810,883,968,1051,1134,1235,1350,1458,1590,1721,1844,1990,2130,2288,2436,2590,2763,2928,3090,3262,3424,3602,3771,3956,4113,4297,4512,4686,4852,5046,5234,5417,5587,5767,5947,6111,6272,6442,6603,6754,6912,7044,7178,7334,7460,7598,7726,7846,7977,8103,8232,8367,8494,8603,8726,8835,8946,9063,9173,9265,9370,9467,9553,9639,9717,9790,9868,9933,9992,10070,10127,10205,10283,10346,10406,10467,10523,10574,10620,10654,10695,10753,10796,10844,10886,10915,10941,10975,10997,11024,11049,11074,11101,11119,11141,11161,11179,11202,11226,11242,11257,11269,11284,11294,11311,11325,11341,11354,11366,11382,11391,11401,11406,11425,11434,11442,11448,11456,11464,11470,11473,11481,11482,11488,11491,11492,11495,11499,11501,11504,11506,11512,11514,11516,11526,11529,11529,11531,11533,11534,11534,11536,11539,11540,11541,11542,11543,11544,11545,11546,11546,11547,11548,11549,11550,11550,11550,11550,11550,11551,11551,11551,11551,11551,11551,11551,11553,11553,11553,11553,11554,11554,11554,11555,11556,11557,11557,11557,11557,11557,11557,11557,11557,11557,11557,11557,11557,11557,11557,11557,11557,11557,11557,11557,11557,11557,11557,11557,11557,11557,11557,11557,11557,11557,11557,11557,11557,11557,11557,11557,11557,
0,31,43,66,82,96,110,123,141,160,184,208,234,271,297,336,370,407,436,485,536,594,658,718,769,840,919,1007,1096,1184,1300,1400,1500,1614,1740,1882,2024,2180,2335,2487,2633,2811,2962,3133,3296,3459,3611,3793,3966,4146,4303,4458,4617,4764,4926,5094,5245,5413,5574,5728,5894,6038,6194,6326,6476,6615,6739,6877,7000,7105,7220,7339,7458,7552,7634,7720,7816,7905,7990,8078,8162,8246,8324,8391,8464,8519,8587,8655,8714,8769,8827,8872,8912,8945,8984,9030,9070,9104,9145,9174,9206,9243,9269,9293,9318,9340,9353,9375,9396,9416,9434,9456,9479,9500,9521,9544,9565,9587,9606,9630,9653,9672,9688,9703,9723,9744,9768,9788,9811,9827,9841,9859,9870,9886,9903,9920,9932,9941,9949,9956,9964,9977,9988,10004,10007,10020,10025,10034,10038,10049,10053,10063,10069,10077,10084,10090,10094,10099,10104,10106,10108,10111,10115,10120,10123,10124,10126,10128,10131,10133,10135,10137,10140,10141,10141,10144,10146,10149,10151,10151,10151,10154,10154,10155,10155,10155,10158,10158,10159,10159,10160,10161,10162,10163,10163,10164,10165,10165,10165,10165,10165,10165,10165,10165,10165,10167,10168,10169,10169,10171,10171,10171,10171,10171,10171,10171,10171,10171,10171,10171,10171,10171,10171,10171,10171,10171,10171,10171,10171,10171,10171,10171,10171,10171,10171,10171,10171,10171,10171,10171,10171,10171,10171,10171,10171,10171,10171,10171,10171,10171,10171,10171,10171,10171,10171,10171,10171,10171,10171,10171,10171,10171,10171,10171,10171,10171,10171,10171,10171,10171,10171,10171,10171,10171,10171,10171,10171,10171,10171,10171,10171,10171,
0,35,49,71,83,97,123,153,180,201,230,262,300,338,382,424,477,540,605,663,722,804,900,992,1098,1193,1298,1420,1555,1670,1802,1927,2087,2222,2366,2538,2732,2917,3103,3294,3475,3655,3819,3994,4205,4376,4549,4734,4904,5085,5276,5437,5612,5797,5960,6122,6292,6472,6638,6793,6931,7071,7219,7383,7526,7661,7790,7943,8074,8180,8297,8410,8536,8638,8742,8827,8943,9028,9121,9196,9275,9350,9421,9507,9579,9650,9716,9771,9836,9904,9965,10013,10069,10128,10186,10234,10280,10325,10366,10403,10444,10479,10512,10547,10568,10598,10624,10648,10679,10705,10718,10744,10762,10780,10796,10821,10840,10861,10872,10882,10894,10910,10922,10928,10937,10946,10950,10959,10972,10981,10986,10993,10996,11002,11010,11015,11016,11022,11027,11029,11035,11038,11040,11045,11047,11052,11057,11059,11059,11062,11063,11063,11065,11065,11065,11065,11066,11066,11067,11070,11072,11072,11072,11072,11072,11072,11072,11072,11072,11072,11072,11073,11073,11074,11074,11074,11074,11074,11074,11075,11075,11075,11075,11075,11075,11075,11075,11075,11075,11075,11075,11075,11075,11075,11075,11075,11075,11075,11075,11075,11075,11075,11075,11075,11075,11075,11075,11075,11075,11075,11075,11075,11075,11075,11075,11075,11075,11075,11075,11075,11075,11075,11075,11075,11075,11075,11075,11075,11075,11075,11075,11075,11075,11075,11075,11075,11075,11075,11075,11075,11075,11075,11075,11075,11075,11075,11075,11075,11075,11075,11076,11076,11076,11076,11076,11076,11076,11076,11076,11076,11076,11076,11076,11076,11076,11076,11076,11076,11076,11076,11076,11076,11076,11076,11076,11076,11076,11076,11076,11076,11076,11076,11076,11076,11076,11076,11076,11076,11076,11076,11076,11076,11076,11076,11076,11076,11076,11076,11076,11076,11076,11076,11076,11076,11076,11076,11076,11076,11076,11076,11076,11076,11076,
0,34,51,55,70,91,103,115,130,142,164,194,215,259,306,341,380,413,464,509,563,628,699,765,870,961,1042,1121,1205,1300,1439,1554,1706,1824,1963,2138,2295,2492,2668,2839,3022,3196,3358,3542,3725,3927,4109,4286,4458,4637,4805,4988,5161,5348,5499,5682,5858,6040,6183,6326,6494,6647,6800,6946,7074,7192,7314,7432,7550,7674,7800,7919,8037,8131,8254,8386,8500,8605,8702,8777,8850,8932,9028,9121,9198,9282,9362,9442,9506,9585,9640,9709,9784,9832,9889,9949,10004,10066,10129,10181,10229,10278,10332,10382,10410,10442,10478,10514,10548,10583,10612,10646,10663,10694,10709,10729,10762,10780,10799,10811,10824,10832,10848,10863,10876,10893,10902,10908,10914,10928,10937,10948,10955,10960,10963,10970,10976,10987,10992,11001,11004,11006,11012,11016,11019,11023,11026,11030,11033,11036,11040,11042,11042,11044,11046,11050,11051,11051,11053,11054,11055,11055,11058,11059,11059,11061,11062,11063,11063,11064,11065,11066,11066,11066,11070,11070,11070,11070,11072,11072,11072,11073,11073,11074,11074,11074,11074,11074,11074,11074,11075,11075,11075,11075,11075,11075,11075,11076,11076,11076,11076,11076,11076,11076,11076,11076,11076,11076,11076,11076,11076,11076,11076,11076,11076,11076,11076,11076,11076,11076,11076,11076,11076,11076,11076,11076,11076,11076,11076,11076,11076,11076,11076,11076,11077,11077,11077,11077,11077,11077,11077,11077,11077,11077,11077,11077,11077,11077,11077,11077,11077,11077,
0,23,40,57,72,87,100,120,140,153,169,191,210,232,263,293,322,356,396,432,468,511,551,609,678,737,810,890,960,1052,1140,1215,1304,1390,1493,1597,1677,1779,1889,2004,2141,2261,2400,2512,2644,2764,2902,3031,3185,3344,3503,3606,3726,3877,4020,4137,4271,4401,4530,4651,4802,4931,5063,5189,5304,5407,5503,5596,5696,5782,5898,6009,6102,6207,6289,6390,6486,6572,6657,6748,6821,6889,6959,7036,7094,7148,7205,7265,7311,7358,7394,7434,7465,7510,7546,7583,7619,7665,7694,7726,7756,7776,7800,7827,7848,7872,7888,7906,7917,7934,7952,7963,7975,7982,7991,8005,8013,8020,8028,8040,8051,8058,8067,8081,8092,8099,8101,8105,8111,8118,8123,8126,8130,8132,8138,8139,8144,8145,8147,8151,8154,8157,8162,8162,8165,8167,8169,8172,8173,8175,8175,8176,8177,8178,8182,8182,8182,8184,8184,8184,8185,8185,8187,8187,8188,8190,8192,8193,8195,8195,8195,8196,8197,8198,8198,8198,8200,8201,8203,8203,8203,8204,8204,8205,8205,8205,8205,8205,8205,8205,8205,8205,8205,8205,8205,8205,8205,8205,8205,8205,8205,8205,8205,8205,8205,8205,8205,8205,8205,8205,8206,8206,8206,8206,8206,8206,8206,8206,8206,8206,8206,8206,8206,8206,8206,8206,8206,8206,8206,8206,8206,8206,8206,8206,8206,8206,8206,8206,8206,8206,8206,8206,8206,8206,8206,8206,8206,8206,8206,8206,8206,8206,8206,8206,8206,8206,8206,8206,8206,8206,8206,8206,8206,8206,8206,8206,8206,8206,8206,8206,8206,8206,8206,8206,8206,8206,8206,8206,8206,8206,8206,8206,8206,8206,8206,8206,8206,8206,8206,8206,8206,8206,8206,8206,8206,
0,33,48,61,75,85,100,124,143,172,187,213,242,265,299,335,372,409,444,483,542,603,667,731,796,882,959,1057,1142,1238,1361,1465,1587,1684,1814,1959,2089,2236,2387,2541,2705,2865,3033,3196,3368,3550,3730,3909,4107,4268,4453,4630,4808,4981,5153,5322,5498,5682,5878,6021,6191,6351,6517,6681,6862,7036,7183,7349,7486,7614,7758,7887,8018,8132,8268,8394,8501,8616,8732,8830,8919,9007,9103,9177,9255,9330,9403,9470,9540,9604,9662,9719,9776,9825,9875,9927,9975,10021,10055,10096,10130,10160,10187,10216,10255,10279,10304,10323,10347,10364,10375,10396,10405,10421,10439,10451,10458,10468,10480,10492,10503,10513,10521,10530,10540,10550,10557,10569,10577,10582,10586,10592,10602,10607,10611,10612,10614,10619,10623,10626,10629,10631,10638,10640,10642,10645,10647,10649,10650,10654,10655,10657,10658,10659,10659,10659,10662,10662,10667,10668,10668,10669,10669,10669,10669,10669,10669,10669,10669,10670,10671,10671,10671,10673,10673,10674,10674,10674,10674,10674,10675,10675,10675,10675,10675,10676,10676,10676,10676,10677,10677,10677,10677,10677,10677,10677,10677,10677,10677,10677,10677,10677,10677,10677,10677,10677,10677,10677,10677,10677,10677,10677,10677,10677,10677,10677,10677,10677,10677,10677,10677,10677,10677,10677,10677,10677,10677,10677,10677,10677,10677,10677,10677,10677,10677,10677,10677,10677,10677,10677,10677,10677,10677,10677,10677,10677,10677,10677,10677,10677,10677,10677,10677,10677,10677,10677,10677,10677,10677,10677,10677,10677,10677,10677,10677,10677,10677,10677,
0,28,48,58,70,89,101,125,144,167,189,219,246,275,306,349,388,424,474,514,567,636,704,783,873,960,1075,1179,1279,1398,1524,1644,1758,1899,2036,2159,2305,2439,2588,2749,2906,3055,3223,3396,3577,3760,3919,4097,4252,4439,4634,4799,4989,5160,5350,5514,5657,5823,5984,6133,6291,6447,6609,6750,6913,7038,7154,7293,7418,7532,7637,7743,7829,7915,8011,8094,8188,8261,8350,8424,8493,8581,8652,8727,8788,8838,8893,8940,8993,9051,9105,9147,9186,9217,9252,9282,9308,9342,9372,9399,9425,9448,9468,9490,9513,9537,9552,9572,9582,9597,9610,9617,9632,9646,9659,9670,9685,9697,9708,9713,9722,9732,9742,9746,9749,9751,9757,9762,9768,9774,9786,9792,9794,9801,9804,9807,9812,9814,9816,9820,9822,9825,9827,9829,9830,9833,9836,9836,9837,9842,9843,9844,9845,9846,9846,9848,9850,9851,9852,9854,9855,9856,9856,9857,9857,9857,9858,9858,9858,9858,9860,9860,9860,9861,9861,9862,9862,9862,9863,9863,9865,9865,9865,9865,9865,9865,9865,9866,9866,9866,9866,9866,9866,9866,9866,9866,9867,9867,9868,9868,9869,9869,9869,9869,9869,9870,9870,9870,9870,9870,9870,9870,9870,9870,9870,9870,9870,9871,9871,9872,9872,9872,9872,9872,9872,9872,9872,9872,9872,9872,9872,9872,9872,9872,9872,9872,9872,9872,9872,9872,9872,9872,9872,9872,9872,9872,9872,9872,9872,9872,9872,9872,9872,9872,9872,9872,9872,9872,9872,9872,9872,9872,9872,9872,
0,28,51,69,79,98,119,132,151,170,187,214,243,272,313,344,384,414,457,506,550,611,671,726,794,867,945,1013,1111,1206,1294,1400,1513,1636,1762,1894,2057,2185,2337,2493,2665,2835,2999,3159,3347,3539,3706,3907,4093,4309,4498,4702,4905,5109,5291,5492,5686,5866,6062,6244,6445,6634,6801,6969,7144,7324,7500,7663,7830,7970,8115,8281,8426,8571,8701,8817,8948,9069,9191,9322,9412,9515,9621,9707,9796,9890,9988,10080,10168,10239,10308,10382,10450,10519,10586,10632,10683,10739,10786,10831,10878,10917,10948,10984,11025,11059,11094,11121,11144,11169,11183,11213,11237,11268,11291,11309,11330,11354,11365,11384,11410,11427,11443,11455,11464,11477,11488,11499,11510,11524,11532,11545,11557,11568,11575,11587,11595,11604,11609,11619,11624,11629,11631,11636,11642,11651,11657,11661,11667,11671,11675,11676,11683,11684,11687,11695,11700,11702,11706,11710,11712,11714,11718,11720,11721,11722,11722,11724,11725,11725,11728,11732,11733,11734,11736,11736,11737,11737,11739,11740,11744,11744,11744,11744,11745,11747,11749,11750,11750,11751,11752,11752,11752,11753,11754,11756,11756,11757,11757,11757,11757,11758,11759,11760,11760,11760,11760,11760,11761,11761,11762,11762,11762,11762,11762,11762,11762,11762,11762,11762,11762,11762,11762,11762,11762,11762,11762,11762,11762,11762,11762,
0,39,57,66,86,96,112,135,150,167,183,200,234,260,296,325,354,391,432,480,519,567,636,694,765,844,908,980,1082,1160,1254,1349,1448,1556,1680,1813,1947,2111,2253,2412,2578,2734,2918,3087,3247,3433,3598,3792,3959,4156,4353,4524,4715,4913,5064,5240,5405,5571,5715,5876,6047,6189,6350,6495,6648,6801,6944,7080,7197,7318,7422,7540,7655,7776,7877,7997,8103,8225,8324,8421,8496,8567,8664,8753,8812,8890,8953,9017,9080,9148,9208,9255,9309,9365,9432,9504,9552,9601,9657,9709,9749,9793,9833,9868,9899,9945,9983,10019,10051,10081,10106,10122,10145,10176,10198,10223,10251,10276,10301,10314,10332,10348,10366,10381,10398,10408,10427,10438,10448,10459,10476,10493,10504,10512,10521,10532,10541,10554,10559,10563,10574,10577,10583,10585,10588,10596,10600,10608,10611,10614,10620,10625,10630,10634,10637,10641,10645,10645,10645,10648,10649,10651,10651,10651,10652,10656,10656,10661,10661,10661,10663,10668,10668,10671,10672,10672,10672,10673,10674,10677,10677,10677,10678,10680,10680,10681,10681,10681,10682,10682,10682,10682,10682,10682,10682,10682,10683,10683,10683,10684,10684,10684,10684,10684,10684,10684,10684,10684,10685,10685,10685,10685,10685,10685,10685,10685,10685,10685,10685,10685,10685,10685,10685,10685,10685,10685,10685,10685,10685,10685,10685,10685,10686,10686,10686,10686,10686,10686,10686,10686,10686,10686,
0,36,52,66,81,100,121,141,164,186,208,239,272,303,350,394,436,492,553,599,665,730,832,912,1021,1116,1206,1330,1441,1552,1677,1820,1964,2114,2267,2424,2577,2715,2890,3093,3298,3511,3722,3938,4139,4348,4545,4757,4976,5205,5419,5637,5866,6079,6314,6503,6704,6965,7175,7351,7539,7719,7906,8077,8257,8441,8607,8758,8920,9061,9207,9372,9518,9639,9764,9890,10005,10125,10226,10318,10403,10499,10571,10630,10709,10775,10847,10914,10992,11043,11099,11156,11210,11263,11312,11352,11404,11437,11470,11496,11520,11558,11582,11616,11649,11678,11697,11711,11738,11754,11773,11790,11801,11814,11828,11840,11855,11869,11876,11890,11896,11903,11909,11915,11925,11930,11940,11948,11952,11963,11968,11972,11975,11980,11987,11997,12004,12007,12012,12015,12018,12027,12028,12031,12032,12034,12040,12040,12045,12047,12049,12049,12050,12051,12052,12057,12057,12059,12060,12061,12061,12061,12061,12062,12063,12063,12063,12063,12063,12063,12064,12064,12064,12064,12064,12064,12064,12064,12064,12064,12064,12066,12066,12066,12067,12067,12067,12067,12067,12067,12067,12068,12069,12069,12069,12069,12069,12069,12069,12069,12069,12069,12069,12069,12069,12069,12069,12069,12069,12069,12069,12069,12069,
0,40,57,73,86,96,113,126,143,168,188,208,231,258,286,321,354,407,460,518,572,637,690,755,812,888,967,1050,1134,1228,1343,1432,1529,1617,1729,1842,1979,2073,2182,2331,2467,2599,2735,2861,2996,3141,3277,3425,3575,3712,3852,4008,4134,4266,4390,4525,4649,4801,4930,5043,5169,5279,5395,5513,5631,5733,5847,5933,6043,6138,6246,6344,6438,6544,6632,6728,6827,6910,6991,7061,7114,7190,7252,7324,7392,7468,7537,7604,7665,7728,7791,7852,7905,7955,7991,8041,8089,8144,8187,8213,8256,8299,8336,8368,8412,8444,8483,8513,8545,8576,8607,8625,8646,8670,8689,8713,8728,8740,8758,8775,8796,8812,8825,8834,8841,8856,8863,8877,8886,8890,8899,8903,8909,8918,8924,8935,8942,8946,8950,8951,8956,8958,8964,8966,8970,8973,8978,8981,8984,8988,8992,8997,8998,8999,8999,8999,8999,9001,9002,9002,9002,9003,9004,9006,9007,9009,9010,9011,9011,9012,9012,9013,9013,9013,9013,9014,9014,9015,9015,9015,9016,9016,9018,9019,9019,9020,9020,9021,9021,9021,9021,9021,9021,9021,9021,9021,9022,9023,9023,9023,9024,9025,9025,9025,9025,9025,9025,9026,9026,9026,9026,9026,9026,9026,9026,9026,9027,9027,9027,9027,9027,9027,9027,9027,9027,9027,9027,9027,9027,9027,9027,9027,9027,9027,9027,9027,9027,9027,9027,9027,9027,9027,9027,9027,9027,9027,9027,9027,9027,9027,9027,9027,9027,9027,9027,9027,9027,9027,9027,9027,9027,9027,9027,9027,9027,9027,9027,9027,9027,9027,9027,9027,9027,9027,9027,9027,9027,9027,9027,9027,9027,9027,9027,9027,9027,9027,9027,9027,9027,9027,9027,9027,9027,9027,
0,34,51,62,76,86,98,118,134,159,185,209,235,257,285,316,348,380,418,467,502,562,611,670,736,806,890,967,1045,1132,1239,1343,1465,1564,1674,1782,1911,2023,2153,2278,2417,2579,2725,2857,3010,3148,3332,3500,3686,3847,4017,4178,4366,4523,4713,4877,5030,5183,5358,5524,5685,5833,5969,6125,6289,6441,6585,6721,6849,6973,7102,7216,7329,7433,7545,7641,7752,7864,7962,8081,8191,8284,8392,8472,8558,8662,8752,8828,8900,8962,9047,9107,9165,9224,9288,9347,9408,9468,9511,9556,9596,9642,9682,9719,9752,9794,9833,9860,9888,9921,9941,9973,10008,10036,10068,10093,10112,10134,10158,10175,10196,10214,10240,10260,10269,10289,10300,10316,10323,10335,10340,10344,10351,10359,10366,10373,10380,10384,10390,10392,10396,10403,10413,10415,10417,10420,10425,10428,10431,10438,10444,10446,10448,10450,10452,10454,10454,10458,10459,10461,10461,10461,10462,10464,10467,10468,10468,10468,10472,10473,10473,10473,10474,10474,10476,10477,10478,10478,10479,10480,10481,10481,10481,10481,10481,10481,10481,10482,10482,10483,10483,10483,10484,10484,10484,10484,10484,10484,10484,10484,10484,10484,10484,10484,10484,10484,10484,10484,10484,10485,10485,10485,10486,10486,10486,10486,10486,10486,10486,10486,10486,10486,10486,10486,10486,10486,10486,10486,10486,10486,10486,10486,10486,10486,10486,10486,10486,10486,10486,10486,10486,10486,10486,10486,10486,10486,10486,10486,10486,10486,10486,10486,10486,10486,10486,10486,10486,10486,10486,10486,10486,10486,10486,10486,10486,10486,10486,10486,10486,10486,10486,10486,10486,10486,10486,10486,10486,10486,10486,10486,10486,10486,10486,10486,10486,10486,10486,10486,10486,10486,10486,10486,10486,10486,10486,10486,10486,10486,10486,10486,10486,10486,10486,10486,10486,10486,10486,10486,10486,10486,10486,10486,10486,10486,10486,10486,10486,10486,10486,10486,10486,10486,10486,10486,10486,10486,10486,10486,10486,10486,10486,10486,10486,10486,10486,10486,10486,10486,10486,10486,10486,10486,10486,10486,10486,10486,10486,10486,10486,
0,22,43,56,71,80,102,124,145,169,189,207,238,269,300,336,374,400,430,475,521,588,660,734,813,891,981,1082,1174,1280,1394,1525,1653,1797,1943,2080,2223,2399,2555,2728,2904,3083,3249,3420,3602,3784,3939,4131,4312,4498,4659,4852,5022,5223,5390,5566,5749,5914,6068,6230,6379,6534,6682,6832,6998,7121,7268,7404,7529,7651,7768,7879,7979,8065,8173,8264,8352,8432,8519,8606,8692,8780,8850,8913,8974,9030,9096,9148,9212,9259,9308,9341,9382,9417,9450,9485,9516,9543,9583,9614,9639,9679,9717,9742,9781,9806,9831,9855,9878,9906,9918,9933,9952,9967,9983,9997,10017,10028,10034,10046,10058,10065,10077,10091,10098,10110,10119,10124,10131,10140,10149,10154,10156,10162,10167,10173,10179,10182,10188,10190,10197,10198,10202,10205,10207,10212,10213,10215,10219,10220,10225,10228,10230,10230,10232,10234,10238,10238,10240,10242,10246,10248,10248,10251,10252,10254,10255,10256,10256,10256,10257,10258,10258,10258,10258,10258,10258,10258,10258,10258,10259,10259,10260,10260,10260,10261,10261,10261,10261,10262,10262,10263,10263,10263,10263,10263,10263,10263,10263,10263,10263,10263,10263,10263,10263,10263,10263,10263,10263,10263,10263,10263,10263,10263,10263,10263,10263,10263,10263,
0,30,50,63,73,91,110,123,136,161,176,200,224,247,283,314,349,384,413,454,510,555,603,649,704,744,819,893,970,1040,1128,1219,1305,1381,1470,1572,1671,1793,1913,2049,2182,2304,2424,2565,2709,2840,2986,3111,3248,3394,3543,3687,3817,3974,4121,4273,4407,4539,4697,4828,4960,5071,5209,5324,5458,5586,5719,5839,5949,6066,6174,6285,6407,6510,6642,6769,6891,7002,7095,7188,7295,7370,7459,7544,7632,7722,7795,7871,7950,8031,8093,8156,8209,8279,8326,8386,8444,8499,8557,8610,8670,8713,8747,8793,8826,8858,8896,8925,8969,9009,9035,9061,9090,9134,9156,9179,9201,9218,9237,9255,9268,9285,9307,9313,9339,9360,9374,9393,9409,9425,9433,9444,9449,9458,9466,9474,9480,9491,9495,9507,9517,9521,9526,9529,9535,9538,9541,9545,9546,9552,9552,9557,9559,9562,9564,9566,9568,9570,9572,9572,9572,9572,9572,9572,9572,9573,9575,9580,9581,9582,9583,9583,9584,9586,9587,9588,9588,9588,9588,9588,9589,9589,9589,9589,9589,9589,9590,9591,9591,9591,9591,9591,9591,9591,9592,9592,9592,9592,9592,9592,9592,9592,9592,9592,9593,9593,9593,9593,9593,9593,9593,9593,9593,9593,9593,9593,9593,9593,9593,9593,9593,9593,9593,9593,9593,9593,9593,9593,9593,9593,9593,9593,9593,9593,9593,9594,9595,9595,9595,9595,9595,9595,9595,9595,9595,9595,9595,9595,9595,9595,9595,
0,38,47,59,68,87,102,117,130,155,170,194,217,251,274,303,347,388,422,460,496,537,585,630,690,751,818,896,994,1092,1183,1277,1368,1463,1583,1694,1814,1942,2081,2193,2345,2474,2601,2741,2862,3028,3175,3310,3472,3636,3771,3929,4095,4239,4409,4541,4698,4856,5015,5166,5324,5495,5632,5800,5976,6138,6268,6416,6575,6721,6870,7006,7143,7267,7392,7509,7607,7722,7823,7930,8053,8168,8271,8367,8443,8540,8610,8682,8747,8830,8894,8947,9000,9048,9097,9136,9178,9223,9263,9314,9355,9401,9435,9470,9499,9535,9569,9603,9628,9658,9684,9716,9737,9759,9782,9810,9829,9848,9865,9886,9906,9923,9942,9954,9974,9995,10008,10019,10029,10037,10055,10067,10073,10082,10093,10099,10107,10116,10124,10131,10135,10140,10144,10148,10150,10152,10156,10159,10166,10171,10175,10178,10181,10183,10184,10188,10192,10196,10197,10201,10203,10205,10206,10206,10207,10209,10210,10211,10212,10212,10213,10215,10216,10216,10217,10218,10218,10219,10219,10219,10219,10219,10220,10221,10222,10223,10223,10224,10224,10224,10225,10225,10225,10225,10225,10225,10225,10225,10226,10226,10227,10227,10227,10227,10227,10227,10227,10227,10227,10227,10227,10227,10227,10227,10227,10228,10228,10228,10228,10228,10229,10229,10229,10229,10230,10231,10232,10232,10233,10233,10233,10233,10233,10233,10234,10234,10234,10234,10234,10234,10234,10234,10234,10235,10235,10235,10235,10235,
0,31,45,58,81,97,121,136,151,169,189,219,261,299,342,384,446,494,541,606,657,730,806,902,998,1096,1212,1309,1412,1535,1661,1799,1930,2072,2208,2373,2516,2677,2850,3022,3173,3372,3524,3703,3898,4098,4303,4489,4684,4880,5101,5279,5483,5673,5857,6066,6261,6456,6657,6839,7006,7209,7362,7532,7685,7835,8004,8151,8274,8414,8524,8657,8793,8908,9031,9149,9254,9366,9461,9557,9642,9723,9793,9868,9938,10007,10076,10129,10187,10239,10299,10344,10392,10448,10500,10556,10597,10627,10664,10716,10761,10792,10822,10849,10879,10917,10943,10969,11004,11036,11058,11092,11115,11141,11166,11189,11202,11216,11232,11245,11264,11283,11294,11309,11314,11332,11338,11348,11355,11364,11374,11378,11383,11394,11401,11414,11418,11422,11425,11431,11437,11437,11439,11442,11444,11447,11452,11456,11457,11460,11464,11466,11467,11470,11470,11473,11473,11474,11479,11482,11484,11485,11486,11486,11487,11488,11489,11490,11491,11491,11492,11493,11496,11499,11500,11500,11501,11501,11501,11502,11502,11502,11502,11504,11504,11505,11505,11505,11505,11506,11506,11506,11506,11506,11506,11507,11507,11507,11507,11507,11508,11508,11508,11508,11509,11509,11510,11510,11510,11510,11510,11510,11510,11510,11510,11510,11510,11510,11510,11511,11511,11511,11511,11511,11511,11511,11511,11511,11511,11511,11511,11511,11511,11511,11511,11511,11511,11511,11511,11511,11511,11511,11511,11511,11511,11511,11511,11511,11511,11511,11511,11511,11511,11511,11512,11512,11512,11512,11512,11512,11512,11512,11512,11512,11512,11512,11512,11512,11512,11512,11512,11512,11512,11512,11512,11512,11512,11512,11512,11512,11512,11512,
0,38,53,65,75,88,99,107,131,148,164,188,217,237,258,286,312,339,375,412,448,476,526,580,631,699,760,821,888,974,1064,1146,1252,1351,1444,1559,1705,1841,1972,2084,2221,2345,2493,2612,2767,2905,3061,3215,3367,3511,3660,3807,3948,4086,4224,4351,4489,4623,4751,4882,5011,5151,5267,5395,5533,5648,5764,5866,5985,6095,6187,6276,6362,6449,6537,6608,6691,6768,6841,6909,6969,7041,7090,7166,7230,7290,7328,7384,7444,7485,7526,7577,7612,7644,7681,7716,7744,7773,7804,7831,7857,7884,7913,7930,7951,7964,7978,7993,8011,8020,8029,8037,8044,8049,8058,8065,8069,8073,8079,8084,8093,8102,8104,8106,8107,8115,8120,8125,8131,8134,8136,8140,8144,8146,8150,8151,8153,8157,8160,8160,8161,8163,8165,8166,8168,8168,8169,8169,8171,8174,8176,8177,8178,8179,8181,8182,8182,8182,8185,8186,8186,8186,8186,8187,8187,8191,8192,8193,8193,8194,8194,8197,8197,8197,8198,8199,8199,8200,8200,8201,8202,8203,8203,8203,8203,8203,8203,8203,8203,8203,8203,8203,8203,8203,8203,8203,8203,8203,8203,8203,8203,8204,8204,8204,8204,8204,8204,8204,8204,8204,8204,8204,8204,8204,8204,8204,8204,8204,8204,8204,8204,8204,8204,8204,8204,8204,8204,8204,8204,8205,8205,8205,8205,8205,8205,8205,8205,8205,8205,8205,8205,8205,8205,8205,8205,8205,8205,8205,8205,8205,8205,8205,8205,8205,8205,8205,8205,8205,8205,8205,8205,8205,8205,8205,8205,8205,8205,8205,8205,8205,8205,8205,8205,8205,8205,8205,8205,8205,8205,8205,8205,8205,8205,8205,8205,
0,30,48,58,76,96,114,129,144,174,194,214,243,272,301,337,381,425,472,519,568,636,709,777,848,923,997,1071,1162,1259,1351,1461,1571,1700,1816,1942,2091,2241,2377,2532,2679,2831,2992,3151,3328,3504,3660,3814,3978,4144,4344,4502,4678,4844,5028,5176,5342,5503,5681,5839,6019,6164,6299,6466,6618,6790,6902,7041,7176,7292,7409,7541,7670,7771,7876,7982,8074,8178,8275,8374,8450,8545,8621,8693,8791,8858,8921,8987,9052,9106,9159,9212,9260,9320,9371,9417,9454,9495,9544,9581,9620,9651,9685,9723,9756,9789,9820,9859,9886,9917,9949,9971,9989,10015,10041,10075,10096,10110,10125,10149,10174,10203,10226,10250,10273,10289,10304,10321,10333,10350,10360,10377,10393,10400,10413,10424,10439,10449,10456,10475,10482,10495,10504,10513,10522,10529,10543,10551,10558,10562,10567,10575,10577,10585,10595,10596,10603,10606,10612,10617,10620,10622,10625,10629,10631,10632,10633,10634,10639,10641,10644,10644,10645,10648,10648,10650,10651,10652,10654,10655,10655,10656,10656,10658,10658,10658,10658,10658,10660,10660,10660,10661,10661,10661,10662,10662,10662,10663,10663,10664,10664,10664,10664,10664,10664,10664,10664,10664,10664,10664,10664,10664,10665,10665,10666,10666,10666,10666,10666,10666,10666,10666,10666,10666,10667,10667,10667,10667,10667,10667,10667,10667,10667,10667,10667,10667,10667,10667,10667,10667,10667,10667,10667,
0,28,47,60,75,88,102,117,133,155,188,210,241,285,312,353,379,409,453,494,537,592,649,720,783,825,894,967,1045,1140,1252,1367,1485,1597,1708,1844,1959,2095,2214,2358,2475,2605,2755,2910,3070,3210,3362,3533,3684,3839,3995,4156,4319,4479,4622,4788,4942,5111,5280,5437,5599,5740,5892,6058,6203,6369,6524,6681,6832,6987,7140,7278,7418,7547,7666,7793,7909,8026,8137,8259,8370,8480,8595,8701,8789,8888,8985,9069,9153,9234,9306,9368,9440,9499,9558,9617,9669,9723,9774,9820,9863,9908,9940,9976,10014,10045,10088,10125,10160,10192,10216,10240,10264,10293,10317,10339,10358,10379,10395,10413,10429,10437,10448,10469,10481,10492,10502,10509,10517,10528,10534,10545,10550,10559,10567,10571,10573,10579,10587,10595,10596,10599,10601,10606,10611,10617,10621,10621,10625,10628,10630,10633,10634,10636,10638,10640,10643,10643,10644,10646,10646,10647,10648,10652,10652,10653,10656,10657,10659,10659,10659,10660,10661,10661,10661,10661,10661,10661,10663,10663,10663,10663,10663,10664,10664,10664,10664,10665,10666,10668,10668,10669,10669,10669,10669,10669,10669,10669,10669,10669,10669,10669,10669,10669,10669,10669,10669,10669,10669,10669,10669,10669,10669,10669,10669,10669,10669,10669,10669,10669,10669,10669,10669,10669,10669,10669,10669,10669,10669,10669,10669,10669,10669,10669,10669,10669,10669,10669,10669,10669,10669,10669,10669,10669,10669,10669,10669,10669,10669,10669,10669,10669,10669,10669,10669,10669,10669,10669,10669,10669,10669,10669,
0,36,51,62,72,92,107,121,136,153,179,199,224,245,271,313,358,413,463,502,560,627,670,737,818,911,997,1099,1180,1286,1402,1521,1639,1782,1920,2053,2188,2345,2490,2642,2781,2951,3105,3292,3480,3649,3829,4022,4188,4363,4550,4712,4896,5091,5274,5448,5603,5782,5951,6109,6288,6433,6581,6705,6865,6992,7109,7209,7329,7445,7559,7679,7796,7893,7981,8076,8163,8250,8325,8403,8487,8563,8627,8677,8730,8777,8828,8882,8931,8979,9023,9079,9109,9148,9182,9213,9257,9293,9320,9338,9362,9387,9412,9436,9456,9473,9491,9498,9516,9527,9538,9549,9568,9577,9588,9599,9604,9612,9626,9634,9640,9644,9649,9656,9658,9665,9672,9679,9688,9694,9696,9700,9703,9708,9712,9715,9716,9716,9718,9720,9724,9728,9731,9736,9738,9739,9740,9741,9743,9745,9747,9747,9749,9750,9750,9751,9751,9752,9752,9752,9752,9753,9754,9755,9756,9756,9756,9756,9756,9757,9757,9758,9758,9758,9759,9759,9759,9759,9759,9760,9762,9763,9763,9763,9763,9763,9764,9765,9765,9765,9765,9765,9766,9766,9766,9766,9766,9766,9766,9766,9766,9766,9766,9766,9766,9766,9766,9767,9767,9767,9767,9767,9767,9767,9767,9767,9767,9767,9767,9767,9767,9767,9767,9767,9767,9767,9767,9767,9767,9767,9767,9767,9768,9768,9768,9768,9768,9768,9769,9769,9769,9769,9769,
0,35,47,57,68,83,96,112,127,140,160,184,223,260,291,328,382,419,471,526,582,641,705,760,842,922,1018,1101,1194,1291,1398,1511,1635,1774,1907,2033,2172,2301,2478,2604,2760,2938,3114,3284,3457,3621,3807,4002,4214,4400,4589,4764,4961,5139,5295,5456,5650,5854,6047,6199,6346,6511,6676,6821,6974,7100,7252,7409,7534,7663,7797,7918,8013,8139,8245,8354,8456,8546,8630,8710,8790,8877,8962,9034,9098,9155,9226,9286,9347,9388,9441,9489,9539,9589,9637,9683,9728,9777,9815,9855,9894,9935,9973,10000,10026,10056,10090,10116,10136,10158,10181,10208,10225,10246,10263,10288,10310,10334,10356,10370,10381,10397,10409,10430,10442,10453,10464,10479,10492,10506,10519,10535,10545,10555,10560,10572,10584,10587,10597,10608,10617,10621,10625,10629,10632,10637,10640,10651,10656,10658,10663,10666,10671,10672,10672,10675,10678,10681,10681,10683,10683,10685,10688,10689,10690,10692,10693,10696,10696,10697,10697,10698,10699,10699,10700,10701,10702,10702,10702,10702,10702,10703,10704,10704,10704,10704,10704,10704,10704,10705,10706,10707,10707,10707,10707,10707,10707,10707,10708,10709,10709,10709,10709,10709,10710,10710,10710,10710,10710,10710,10710,10710,10710,10710,10710,10710,10710,10710,10710,10710,10710,10710,10710,10710,10710,10710,10710,10710,10710,10710,10710,10710,10710,10710,10710,10710,10710,10710,10710,10710,10710,10710,10710,10710,10710,10710,10710,10710,10710,10710,10710,10710,10710,10710,10710,10710,10710,10710,10710,10710,10710,10710,10710,10710,10710,10710,10710,10710,10710,10710,10710,10710,10710,10710,10710,10710,10710,10710,10710,10710,10710,10710,10710,10710,10710,10710,10710,10710,10710,
0,30,46,58,66,79,95,110,129,149,182,205,235,264,306,350,394,438,485,541,593,649,698,755,821,891,966,1020,1115,1201,1300,1401,1510,1611,1710,1836,1941,2057,2209,2360,2497,2634,2761,2926,3077,3214,3366,3502,3663,3816,3971,4127,4270,4414,4567,4741,4876,4990,5138,5261,5386,5508,5645,5765,5901,6047,6167,6282,6389,6507,6611,6716,6822,6922,7028,7132,7238,7330,7407,7485,7558,7649,7724,7784,7866,7932,7996,8062,8131,8188,8244,8295,8351,8401,8438,8484,8527,8570,8609,8650,8681,8723,8747,8792,8825,8860,8889,8909,8937,8957,8986,9014,9031,9046,9067,9088,9107,9130,9150,9167,9176,9198,9208,9223,9236,9249,9266,9280,9293,9304,9309,9317,9322,9330,9337,9347,9351,9361,9369,9375,9382,9389,9395,9403,9406,9411,9412,9414,9418,9420,9422,9426,9430,9430,9432,9436,9439,9440,9442,9444,9445,9445,9447,9447,9448,9449,9450,9451,9452,9453,9454,9454,9458,9459,9459,9459,9459,9459,9460,9460,9460,9460,9460,9460,9460,9461,9461,9462,9463,9463,9463,9463,9464,9465,9465,9465,9466,9466,9467,9467,9467,9468,9468,9468,9468,9468,9468,9468,9468,9468,9468,9469,9469,9469,9469,9469,9469,9469,9469,9469,9469,9470,9470,9470,9470,9470,9470,9470,9470,9470,9470,9470,9470,9470,9470,9470,9470,9470,9470,9470,9470,9470,9470,9470,9470,9470,9470,9470,9470,9470,9470,9470,9470,9470,9470,9470,9470,9470,9470,9470,9471,9471,9471,9471,9471,9471,9471,9471,9471,9471,9471,9471,9471,9471,9471,9471,9471,9471,9471,9471,9471,9471,9471,9471,9471,9471,9471,9471,9471,9471,9471,9471,9471,9471,9471,9471,9471,9471,9471,9471,9471,9471,9471,9471,9471,9471,9471,9471,9471,9471,9471,9471,9471,9471,9471,9471,9471,9471,9471,9471,9471,9471,9471,9471,9471,9471,9471,9471,9471,9471,9471,9471,9471,9471,9471,9471,9471,9471,9471,9471,9471,9471,9471,9471,9471,9471,9471,
0,29,46,61,77,86,111,130,147,157,170,186,209,232,258,283,312,344,374,420,455,499,552,615,671,723,780,847,908,976,1049,1129,1217,1303,1396,1522,1615,1709,1817,1937,2081,2190,2323,2468,2616,2758,2897,3043,3193,3346,3491,3654,3807,3953,4126,4252,4393,4542,4681,4863,5020,5186,5348,5495,5639,5746,5865,6006,6131,6239,6351,6472,6553,6652,6744,6841,6946,7021,7104,7195,7272,7356,7429,7488,7552,7637,7703,7778,7843,7902,7961,8005,8063,8111,8153,8204,8247,8281,8331,8371,8418,8449,8482,8520,8544,8585,8606,8640,8662,8689,8724,8752,8781,8803,8810,8831,8843,8869,8883,8901,8920,8932,8944,8956,8966,8977,8990,9005,9012,9023,9031,9040,9050,9055,9063,9067,9078,9083,9091,9097,9099,9102,9106,9109,9113,9118,9124,9128,9134,9139,9143,9144,9148,9151,9151,9154,9155,9159,9162,9164,9170,9172,9173,9176,9178,9180,9181,9183,9185,9186,9186,9188,9189,9190,9192,9193,9196,9197,9200,9200,9201,9202,9203,9204,9206,9207,9208,9208,9211,9211,9212,9215,9218,9219,9219,9220,9220,9223,9225,9225,9225,9227,9227,9227,9227,9227,9228,9228,9228,9229,9229,9229,9229,9229,9229,9229,9229,9229,9229,9229,9230,9230,9232,9232,9232,9232,9232,9232,9232,9232,9232,9232,9232,9232,9232,9232,9232,9232,9232,9232,9232,9232,9232,9232,9232,9232,9232,9233,9233,9233,9233,9233,9233,9233,9233,9233,9233,9233,9233,9233,9233,9233,9233,9233,9233,9233,9233,9233,9233,9233,9233,9233,9233,9233,9233,9233,9233,9233,9233,9233,9233,9233,9233,9233,9233,9233,9233,9233,9233,9233,9233,9233,
0,22,38,53,65,90,117,132,162,185,209,235,277,314,346,375,413,461,496,549,602,647,698,755,808,882,943,1021,1103,1217,1305,1383,1452,1559,1658,1776,1884,2005,2136,2279,2412,2557,2690,2850,2998,3150,3302,3452,3602,3791,3960,4123,4287,4476,4660,4826,5005,5193,5374,5567,5735,5911,6083,6280,6450,6640,6801,6983,7124,7274,7402,7534,7658,7783,7898,8017,8132,8236,8346,8425,8515,8620,8708,8802,8883,8948,9027,9097,9168,9234,9287,9350,9397,9449,9500,9535,9581,9634,9676,9717,9756,9788,9821,9848,9877,9915,9937,9963,9976,10000,10014,10024,10039,10051,10066,10086,10097,10107,10115,10134,10145,10168,10181,10189,10196,10204,10212,10224,10225,10232,10236,10245,10252,10260,10261,10267,10274,10276,10276,10278,10279,10282,10283,10286,10290,10294,10298,10300,10302,10307,10311,10314,10317,10323,10329,10334,10339,10342,10344,10352,10359,10372,10379,10389,10398,10412,10421,10425,10445,10457,10468,10478,10485,10496,10513,10525,10529,10542,10555,10563,10567,10581,10589,10595,10606,10616,10624,10631,10640,10646,10649,10651,10654,10660,10661,10665,10670,10676,10683,10685,10688,10692,10696,10699,10703,10708,10710,10714,10716,10717,10719,10719,10721,10721,10721,10723,10724,10724,10726,10727,10727,10729,10729,10730,10731,10731,10731,10731,10732,10732,10732,10732,10732,10732,10732,10732,10732,10732,10732,10732,10732,10732,10732,10732,10732,10732,10732,10732,10733,10733,10733,10733,10733,10733,10733,10733,10733,10733,10733,10733,10733,10733,10733,10733,10733,10733,10733,10733,10733,10733,10733,10733,10733,10733,10733,10733,10733,10733,10733,10733,10733,10733,10733,10733,10733,10733,10733,10733,10733,10733,10733,10733,10733,10733,10733,10733,10733,10733,10733,10733,10733,10733,10733,10733,10733,10733,10733,10733,10733,10733,10733,10733,10733,10733,10733,10733,10733,10733,10733,10733,10733,10733,10733,10733,10733,10733,10733,10733,10733,10733,10733,10733,10733,10733,10733,10733,10733,10733,10733,10733,10733,10733,10733,10733,10733,
0,25,50,67,90,105,124,143,166,185,219,253,293,331,369,421,457,490,547,627,693,755,851,928,1001,1089,1182,1274,1377,1506,1633,1757,1915,2089,2251,2403,2561,2740,2915,3071,3257,3429,3592,3788,3975,4163,4348,4530,4733,4955,5148,5343,5524,5693,5889,6085,6260,6445,6620,6819,6982,7143,7301,7456,7612,7738,7879,7999,8140,8263,8388,8512,8620,8743,8848,8938,9026,9136,9219,9309,9379,9466,9540,9611,9677,9743,9808,9862,9912,9970,10033,10090,10143,10176,10208,10231,10264,10300,10329,10348,10367,10388,10408,10425,10446,10466,10484,10506,10524,10541,10553,10557,10567,10582,10597,10608,10623,10632,10646,10655,10664,10671,10674,10679,10682,10683,10687,10689,10694,10700,10702,10709,10713,10718,10720,10722,10724,10725,10725,10729,10731,10734,10736,10738,10743,10744,10746,10746,10747,10751,10751,10752,10752,10754,10755,10755,10755,10756,10757,10758,10759,10759,10759,10759,10761,10762,10763,10765,10765,10765,10766,10768,10768,10768,10768,10768,10768,10768,10768,10769,10770,10771,10773,10773,10773,10773,10773,10773,10773,10773,10773,10773,10773,10773,10773,10773,10773,10773,10773,10773,10773,10773,10773,10773,10773,10773,10773,10773,10773,10773,10773,10773,10773,10773,10773,10773,10773,10773,10773,10773,10773,10773,10773,10773,10773,10773,10773,10773,10773,10773,10773,10773,10773,10773,10773,10773,10773,10773,10773,10773,10773,10773,10773,10773,10773,10773,10773,10773,10773,10773,10773,10773,10773,10773,10773,10773,10773,10773,10773,10773,10773,10773,10773,10773,10773,10773,10773,10773,10773,10773,10773,10773,10773,10773,10773,10773,10773,10773,10773,10773,10773,10773,10773,10773,10773,10773,10773,10773,10773,10773,10773,10773,
0,31,52,69,86,98,116,132,144,166,194,223,260,293,324,367,395,437,475,529,588,658,714,776,859,928,1016,1105,1209,1308,1419,1526,1625,1733,1857,1990,2123,2267,2421,2564,2717,2884,3029,3204,3365,3541,3712,3865,4067,4229,4409,4575,4761,4934,5126,5305,5489,5653,5814,5991,6158,6327,6485,6646,6805,6949,7082,7215,7335,7452,7586,7707,7822,7931,8050,8173,8281,8378,8479,8565,8653,8734,8816,8890,8970,9049,9109,9178,9242,9286,9349,9401,9445,9486,9534,9575,9610,9651,9690,9718,9751,9784,9809,9842,9874,9904,9926,9953,9978,9997,10019,10037,10061,10084,10102,10120,10131,10147,10156,10173,10185,10188,10196,10204,10214,10219,10227,10231,10242,10249,10255,10260,10266,10271,10277,10279,10283,10289,10292,10299,10301,10303,10305,10309,10314,10317,10320,10322,10324,10324,10324,10327,10327,10330,10330,10332,10333,10333,10335,10335,10335,10336,10336,10336,10337,10338,10338,10339,10339,10341,10341,10341,10342,10342,10343,10344,10344,10344,10344,10345,10345,10345,10345,10345,10345,10345,10346,10347,10347,10347,10347,10347,10347,10347,10348,10348,10348,10348,10348,10348,10348,10348,10348,10348,10348,10348,10348,10349,10349,10349,10349,10349,10349,10349,10349,10349,10349,10349,10349,10349,10349,10349,10350,10350,10350,10350,10350,10350,10350,10350,10350,10350,10350,10350,10350,10350,10350,
0,25,46,65,80,98,116,129,145,168,195,217,254,289,324,360,403,442,481,517,556,603,656,725,785,845,909,975,1061,1150,1242,1331,1419,1510,1598,1719,1827,1937,2088,2237,2368,2506,2657,2798,2960,3115,3270,3422,3592,3749,3945,4132,4303,4471,4678,4846,5015,5184,5348,5531,5724,5898,6066,6229,6373,6530,6678,6826,6968,7111,7211,7322,7441,7574,7677,7774,7869,7987,8082,8180,8260,8341,8424,8506,8578,8630,8688,8732,8776,8822,8869,8929,8970,9011,9054,9097,9149,9180,9203,9232,9273,9306,9343,9381,9399,9427,9445,9464,9477,9491,9506,9521,9546,9560,9582,9599,9609,9628,9644,9655,9669,9679,9689,9701,9708,9716,9723,9730,9733,9741,9747,9755,9761,9764,9770,9773,9778,9781,9782,9787,9789,9793,9796,9799,9800,9806,9808,9809,9811,9812,9814,9815,9815,9817,9818,9819,9820,9822,9823,9823,9823,9824,9825,9828,9829,9830,9831,9831,9834,9834,9834,9834,9834,9834,9835,9836,9836,9836,9836,9838,9839,9839,9839,9839,9839,9839,9842,9842,9842,9842,9842,9843,9843,9843,9844,9844,9844,9846,9847,9848,9850,9851,9853,9853,9853,9854,9854,9855,9855,9855,9855,9855,9855,9855,9855,9855,9855,9856,9856,9858,9858,9858,9858,9858,9858,9858,9858,9858,9858,9859,9860,9860,9861,9861,9861,9861,9861,9861,9861,9861,9861,9861,9861,9861,9861,9861,9861,9862,9862,9862,9862,9862,9862,
0,35,57,73,85,103,121,137,163,198,223,250,279,304,331,362,412,453,488,536,567,625,702,776,847,913,993,1090,1164,1252,1378,1501,1620,1764,1878,2031,2190,2344,2497,2652,2822,3017,3200,3360,3523,3687,3839,4004,4170,4341,4512,4707,4884,5068,5240,5393,5548,5730,5887,6048,6201,6352,6521,6674,6827,6967,7104,7244,7378,7509,7623,7744,7853,7973,8081,8195,8296,8392,8485,8578,8649,8733,8815,8876,8956,9027,9106,9182,9246,9306,9389,9448,9499,9558,9619,9665,9718,9767,9819,9860,9905,9939,9982,10012,10047,10080,10119,10158,10185,10210,10237,10269,10296,10318,10333,10358,10375,10389,10406,10421,10435,10455,10473,10484,10494,10510,10526,10535,10538,10552,10567,10573,10580,10593,10604,10608,10617,10625,10630,10634,10638,10641,10649,10653,10655,10661,10665,10668,10671,10672,10674,10676,10678,10681,10681,10682,10682,10684,10686,10688,10688,10689,10689,10689,10691,10692,10695,10697,10699,10699,10700,10701,10701,10701,10701,10702,10702,10703,10704,10704,10705,10705,10705,10705,10707,10707,10707,10707,10708,10709,10709,10709,10709,10710,10710,10711,10711,10711,10711,10711,10712,10712,10712,10712,10712,10712,10712,10712,10713,10713,10713,10713,10713,10713,10713,10713,10713,10713,10713,10713,10713,10713,10713,10713,10713,10713,10713,10713,10713,10713,10713,10713,10713,10713,10713,10713,10713,10713,10713,10713,10713,10713,10713,10713,10713,10713,10713,10713,10713,10713,10713,
0,35,55,64,82,96,113,135,155,169,191,212,242,271,305,342,377,421,468,516,560,627,687,754,822,899,971,1056,1152,1233,1323,1431,1543,1662,1774,1880,2033,2186,2325,2469,2611,2761,2925,3095,3272,3453,3630,3816,3981,4173,4375,4580,4778,4977,5157,5363,5556,5742,5942,6143,6331,6548,6714,6890,7058,7231,7410,7549,7697,7868,7992,8135,8265,8393,8510,8626,8734,8846,8941,9067,9158,9244,9332,9406,9479,9548,9625,9680,9741,9800,9859,9921,9987,10035,10084,10145,10182,10231,10275,10322,10358,10395,10438,10470,10495,10519,10548,10575,10600,10631,10656,10669,10688,10698,10718,10737,10756,10774,10793,10810,10826,10838,10858,10868,10876,10889,10898,10908,10916,10920,10928,10937,10948,10956,10971,10975,10985,10989,11000,11008,11016,11024,11029,11033,11035,11036,11040,11048,11051,11054,11057,11060,11064,11066,11069,11072,11074,11077,11080,11080,11081,11081,11082,11084,11085,11085,11086,11086,11086,11086,11086,11087,11087,11088,11089,11089,11091,11091,11091,11092,11093,11093,11094,11094,11094,11094,11094,11094,11094,11094,11095,11095,11096,11096,11096,11096,11097,11097,11097,11097,11097,11097,11097,11097,11097,11097,11097,11097,11097,11097,11099,11099,11101,11101,11101,11101,11101,11101,11101,11101,11101,11101,11101,11101,11101,11101,11101,11101,11101,11101,11101,11101,11101,11101,11101,11101,11101,11101,11101,11101,11101,11101,11101,11101,11101,11101,11101,11101,11101,11101,11101,11101,11101,11101,11101,11101,11101,11101,11101,11101,11101,11101,11101,11101,11101,11101,11101,11101,11101,11101,11101,11101,11101,11101,11101,11101,11101,11101,11101,11101,11101,11101,11101,11101,11101,11101,11101,11101,11101,
0,23,49,61,79,91,113,129,148,169,198,227,256,284,321,377,428,465,528,584,652,727,818,898,983,1083,1186,1299,1441,1575,1692,1833,1966,2107,2244,2389,2562,2741,2915,3087,3238,3415,3591,3756,3923,4089,4260,4439,4608,4774,4966,5138,5286,5427,5592,5746,5873,6038,6201,6345,6504,6617,6745,6885,7026,7136,7243,7354,7464,7544,7626,7705,7798,7882,7979,8051,8139,8210,8281,8370,8437,8509,8564,8629,8678,8731,8780,8834,8887,8937,8990,9049,9103,9144,9187,9222,9264,9303,9344,9370,9414,9453,9498,9534,9572,9608,9645,9671,9695,9721,9744,9776,9807,9835,9862,9879,9896,9916,9935,9950,9967,9981,9999,10011,10021,10035,10043,10057,10069,10083,10092,10104,10117,10123,10130,10140,10145,10151,10156,10160,10164,10170,10176,10183,10191,10197,10201,10207,10211,10214,10218,10222,10228,10230,10232,10234,10237,10238,10241,10242,10245,10249,10252,10254,10254,10258,10260,10260,10262,10262,10262,10262,10263,10265,10265,10266,10266,10266,10266,10267,10268,10268,10268,10269,10269,10269,10269,10270,10270,10270,10270,10270,10270,10270,10271,10271,10271,10271,10271,10271,10271,10271,10271,10271,10271,10271,10271,10271,10271,10271,10271,10271,10271,10271,10271,10271,10271,10271,10271,10271,10271,10271,10271,10271,10271,10271,10271,10271,10271,10271,10271,10271,10271,10272,10272,10272,10272,10272,10272,10272,10272,10272,10272,10272,10272,10272,10272,10272,10272,10272,10272,10272,10272,10272,10272,10272,10272,10272,10272,10272,10272,10272,10272,10272,10272,10272,10272,10272,10272,10272,10272,10272,10272,10272,10272,10272,10272,10272,10272,10272,10272,10272,10272,
0,27,41,58,71,82,101,124,149,175,200,222,261,289,333,381,421,480,530,592,653,718,813,897,992,1103,1210,1326,1461,1568,1685,1804,1949,2079,2262,2427,2585,2751,2921,3087,3290,3482,3691,3878,4055,4280,4485,4666,4820,5012,5192,5352,5509,5680,5840,5999,6152,6304,6465,6606,6749,6902,7049,7192,7328,7455,7574,7704,7813,7910,8018,8102,8183,8274,8357,8430,8489,8552,8624,8689,8747,8811,8868,8914,8973,9026,9071,9129,9181,9229,9274,9317,9364,9387,9417,9452,9487,9519,9551,9576,9601,9628,9663,9689,9713,9737,9756,9774,9801,9821,9834,9854,9881,9900,9917,9934,9950,9962,9977,9998,10014,10030,10044,10061,10080,10098,10114,10123,10130,10140,10152,10165,10180,10186,10195,10203,10213,10219,10227,10230,10234,10246,10253,10257,10261,10267,10271,10277,10281,10284,10290,10294,10296,10300,10302,10303,10307,10310,10314,10316,10319,10321,10322,10324,10325,10327,10328,10330,10332,10333,10333,10333,10333,10334,10335,10335,10335,10335,10335,10335,10336,10337,10337,10337,10338,10339,10339,10339,10339,10339,10339,10339,10339,10339,10339,10339,10339,10339,10340,10340,10340,10340,10341,10341,10341,10341,10343,10343,10343,10343,10343,10343,10343,10343,10343,10343,10344,10344,10344,10344,10344,10344,10345,10345,10345,10345,10345,10345,10345,10345,10345,10345,10345,10345,10345,10345,10345,10345,10345,10345,10345,
0,22,41,50,60,75,95,105,120,137,153,173,205,246,277,308,342,388,448,499,561,616,674,749,824,916,1008,1106,1219,1342,1458,1580,1694,1828,1972,2103,2234,2366,2515,2679,2847,3001,3159,3340,3505,3684,3860,4035,4194,4370,4519,4712,4883,5041,5171,5310,5431,5566,5699,5813,5946,6062,6158,6260,6395,6515,6647,6751,6849,6942,7061,7122,7204,7286,7359,7431,7508,7592,7658,7710,7774,7841,7902,7940,7995,8050,8089,8139,8190,8238,8273,8303,8336,8380,8408,8446,8480,8511,8537,8554,8583,8598,8614,8641,8656,8679,8701,8717,8730,8740,8752,8763,8772,8776,8781,8787,8794,8800,8811,8820,8828,8838,8843,8847,8850,8853,8856,8860,8866,8868,8873,8877,8883,8886,8887,8889,8892,8894,8897,8897,8897,8900,8901,8902,8904,8904,8905,8905,8906,8907,8908,8909,8909,8910,8911,8911,8911,8911,8913,8914,8914,8915,8918,8919,8921,8922,8922,8923,8924,8925,8926,8927,8927,8927,8927,8927,8927,8927,8927,8928,8929,8929,8929,8929,8929,8929,8929,8929,8929,8930,8930,8930,8930,8930,8930,8930,8930,8930,8930,8930,8930,8930,8930,8930,8930,8930,8930,8930,8930,8930,8930,8930,8930,8930,8930,8930,8930,8930,8930,8930,8930,8930,8930,8930,8930,8930,8930,8930,8930,8930,8930,8930,8930,8930,8930,8930,8930,
0,34,49,61,73,95,107,127,152,181,207,252,287,328,378,434,496,548,615,678,743,805,866,944,1027,1113,1213,1301,1405,1504,1628,1748,1876,2017,2146,2278,2427,2570,2718,2855,3013,3137,3291,3440,3578,3736,3882,4025,4160,4322,4456,4590,4729,4876,5007,5137,5234,5363,5459,5593,5702,5819,5950,6046,6141,6238,6331,6425,6517,6611,6697,6763,6859,6931,6994,7047,7125,7193,7257,7320,7366,7425,7487,7546,7596,7642,7680,7718,7758,7811,7855,7889,7925,7967,7990,8026,8058,8082,8109,8135,8158,8180,8207,8229,8255,8275,8292,8313,8332,8346,8368,8380,8393,8414,8427,8442,8450,8463,8479,8489,8496,8504,8510,8524,8530,8538,8542,8544,8546,8554,8558,8562,8565,8571,8574,8578,8579,8583,8586,8587,8590,8592,8594,8595,8595,8597,8600,8603,8607,8610,8611,8612,8613,8615,8616,8618,8621,8621,8623,8624,8626,8628,8632,8632,8632,8632,8637,8638,8638,8642,8644,8644,8645,8645,8646,8648,8648,8648,8648,8648,8648,8648,8649,8649,8649,8649,8649,8649,8649,8650,8650,8650,8650,8650,8650,8650,8650,8650,8650,8651,8651,8651,8651,8652,8652,8652,8652,8652,8652,8652,8652,8652,8652,8652,8652,8652,8652,8652,8652,8652,8652,8652,8652,8652,8652,8652,8652,8652,8652,8652,8652,8652,8652,
0,26,43,59,73,83,92,118,139,162,181,208,234,262,301,348,387,432,485,540,598,652,728,809,895,985,1086,1166,1268,1379,1483,1601,1700,1832,1950,2084,2204,2351,2511,2665,2837,2999,3158,3327,3493,3670,3849,4032,4208,4399,4586,4755,4928,5091,5275,5444,5606,5768,5920,6082,6251,6418,6566,6711,6846,7000,7138,7273,7394,7522,7643,7771,7879,7995,8105,8196,8297,8399,8490,8581,8651,8737,8822,8892,8948,9017,9080,9142,9211,9274,9329,9391,9443,9497,9554,9605,9659,9710,9755,9802,9846,9883,9928,9961,9994,10026,10052,10076,10107,10141,10167,10192,10215,10234,10259,10287,10307,10322,10341,10357,10376,10393,10409,10417,10425,10435,10446,10456,10464,10470,10485,10492,10500,10504,10510,10516,10521,10525,10529,10531,10532,10537,10541,10548,10552,10555,10561,10565,10570,10570,10571,10572,10573,10575,10575,10576,10578,10581,10584,10587,10589,10590,10592,10592,10592,10596,10598,10598,10599,10599,10599,10601,10603,10604,10605,10605,10606,10608,10610,10612,10612,10612,10613,10614,10614,10615,10616,10616,10617,10617,10617,10617,10617,10617,10618,10618,10619,10619,10619,10620,10620,10620,10620,10620,10621,10621,10621,10621,10621,10621,10621,10621,10621,10622,10622,10622,10623,10623,10623,10623,10623,10623,10623,10623,10623,10623,10623,10623,10623,10623,10623,10623,10623,10623,10623,10623,10623,10623,10623,10623,10623,10624,10624,10624,10624,10624,10624,10624,10624,10624,10624,10624,10624,10624,10624,10624,10624,10625,10625,10625,10625,10625,10625,10625,10625,10625,10625,10625,10625,10625,10625,10625,10625,10625,10625,10625,10625,10625,10625,10625,10625,10625,10625,10625,10625,10625,10625,10625,10625,10625,10625,10625,10625,10625,10625,10625,10625,10625,10625,10625,
0,34,47,64,79,99,113,134,155,184,208,231,255,278,305,350,391,429,489,548,606,669,743,823,906,1012,1105,1204,1311,1423,1532,1657,1774,1921,2052,2208,2348,2495,2663,2818,2938,3099,3239,3414,3589,3780,3950,4104,4297,4472,4649,4831,5033,5201,5410,5607,5828,6024,6196,6366,6545,6719,6917,7092,7257,7414,7597,7759,7895,8034,8187,8328,8464,8606,8748,8875,8994,9109,9215,9337,9448,9553,9661,9757,9846,9942,10027,10114,10191,10265,10331,10387,10439,10483,10528,10570,10604,10646,10698,10741,10778,10821,10859,10895,10937,10960,10992,11030,11058,11074,11104,11124,11138,11148,11164,11184,11200,11215,11226,11233,11243,11251,11259,11271,11284,11291,11296,11302,11309,11315,11322,11330,11336,11340,11345,11348,11350,11352,11352,11356,11362,11365,11370,11377,11384,11386,11388,11389,11392,11396,11396,11399,11401,11402,11403,11403,11403,11403,11404,11404,11404,11406,11408,11409,11409,11409,11410,11411,11411,11412,11412,11413,11413,11413,11413,11415,11415,11416,11416,11416,11416,11416,11416,11416,11416,11416,11416,11418,11418,11418,11418,11418,11418,11418,11418,11418,11418,11418,11418,11418,11418,11418,11418,11418,11418,11418,11418,11418,11418,11418,11418,11418,11418,11418,11418,11419,11419,11419,11419,11419,11419,11419,11419,11419,11419,11419,11419,11419,11419,11419,11419,11419,11419,11419,11419,11419,11419,11419,11419,11419,11419,11419,11419,11419,11419,11419,11419,11419,11419,11419,11419,
0,31,48,58,79,99,120,139,156,177,195,213,231,258,285,322,349,383,409,440,472,509,547,595,643,684,759,817,881,956,1037,1102,1185,1264,1346,1450,1545,1634,1721,1842,1939,2073,2177,2310,2431,2561,2703,2871,3027,3197,3344,3496,3632,3808,3970,4118,4277,4428,4609,4774,4944,5106,5290,5453,5630,5807,5954,6097,6246,6387,6520,6644,6779,6904,7019,7141,7250,7378,7504,7604,7724,7841,7936,8025,8107,8201,8288,8370,8437,8492,8559,8627,8696,8742,8789,8828,8857,8899,8941,8973,9008,9064,9103,9129,9165,9198,9237,9262,9289,9306,9337,9352,9376,9391,9409,9428,9438,9450,9473,9486,9503,9514,9530,9545,9556,9566,9583,9594,9607,9617,9627,9635,9646,9655,9663,9667,9673,9678,9686,9693,9698,9701,9704,9706,9707,9709,9711,9716,9720,9723,9725,9727,9730,9731,9731,9733,9734,9734,9735,9736,9737,9740,9742,9743,9743,9744,9744,9744,9744,9744,9745,9745,9746,9747,9747,9748,9749,9749,9749,9749,9749,9749,9750,9751,9751,9751,9751,9752,9754,9754,9755,9755,9755,9755,9755,9755,9755,9756,9756,9756,9756,9756,9756,9756,9756,9756,9756,9756,9756,9756,9756,9756,9756,9756,9756,9756,9756,9756,9756,9756,9756,9756,9756,9756,9756,9756,9756,9756,9756,9756,
0,35,52,68,91,111,127,152,172,192,211,236,258,284,321,363,398,431,482,516,564,622,670,729,786,852,921,1008,1101,1174,1270,1369,1468,1581,1691,1817,1947,2065,2197,2331,2476,2631,2804,2969,3142,3291,3466,3652,3821,3986,4167,4352,4526,4710,4913,5096,5284,5442,5613,5800,5990,6162,6319,6481,6617,6758,6899,7044,7164,7299,7425,7563,7696,7815,7932,8056,8145,8233,8342,8429,8534,8634,8704,8789,8878,8970,9044,9111,9189,9272,9336,9405,9466,9530,9591,9631,9692,9734,9780,9809,9854,9885,9912,9947,9972,9994,10013,10045,10067,10094,10125,10136,10159,10168,10190,10207,10221,10238,10254,10270,10284,10295,10306,10318,10326,10336,10345,10355,10365,10370,10376,10386,10394,10394,10401,10405,10412,10413,10421,10427,10431,10433,10437,10442,10446,10450,10453,10459,10463,10466,10469,10470,10477,10479,10481,10481,10482,10482,10482,10485,10486,10487,10490,10493,10494,10494,10495,10496,10496,10497,10498,10500,10501,10501,10501,10502,10502,10504,10504,10505,10505,10505,10505,10505,10505,10505,10505,10505,10506,10507,10507,10507,10507,10507,10507,10507,10507,10507,10507,10507,10507,10507,10507,10508,10508,10508,10508,10508,10508,10508,10508,10508,10508,10508,10508,10508,10508,10508,10508,10508,10508,10508,10508,10508,10508,10508,10508,10508,10508,10508,10508,10508,10508,10508,10508,10508,10508,10508,10509,10509,10509,10509,10509,10509,10509,10509,10509,10509,10509,10509,10509,10509,10509,10509,10509,10509,10509,10509,10509,10509,10509,10509,10509,10509,10509,10509,10509,10509,10509,10509,10509,10509,10509,10509,10509,10509,10509,10509,10509,10509,
0,30,47,67,80,92,106,120,145,165,187,216,249,276,307,347,385,421,473,525,570,621,679,743,808,880,946,1021,1106,1195,1286,1382,1475,1593,1703,1810,1922,2040,2163,2286,2409,2536,2694,2841,2998,3146,3290,3465,3635,3815,3973,4126,4280,4451,4622,4793,4950,5117,5292,5442,5589,5775,5954,6100,6264,6423,6574,6728,6883,7034,7196,7326,7457,7577,7701,7830,7958,8068,8185,8286,8382,8462,8564,8650,8736,8820,8885,8945,9035,9097,9177,9247,9316,9381,9431,9487,9529,9578,9622,9663,9709,9743,9772,9803,9829,9866,9894,9918,9945,9965,9994,10014,10029,10052,10067,10085,10106,10121,10134,10150,10164,10176,10185,10194,10205,10214,10223,10228,10237,10240,10248,10252,10256,10262,10268,10272,10278,10283,10286,10293,10295,10298,10302,10304,10305,10307,10307,10307,10310,10311,10311,10315,10318,10319,10320,10322,10322,10322,10323,10324,10325,10325,10326,10326,10326,10327,10328,10328,10329,10329,10329,10329,10329,10329,10330,10330,10330,10330,10330,10330,10331,10331,10332,10332,10332,10332,10333,10333,10333,10333,10333,10333,10333,10333,10333,10333,10333,10333,10333,10333,10333,10333,10333,10333,10333,10333,10333,10333,10333,10333,10333,10333,10333,10333,10333,10333,10333,10333,10333,10333,10333,10333,10333,10333,10333,10333,10333,10333,10333,10333,10333,10333,10333,10333,10333,10333,10333,10333,10333,10333,10333,10333,10333,10333,10333,10333,10333,10333,10333,10333,10333,10333,10333,10333,10333,10333,10333,10333,10333,10333,10333,10333,10333,10333,10333,10333,10333,10333,10333,10333,10333,10333,10333,10333,10333,10333,10333,10333,10333,10333,
0,25,39,54,65,81,102,128,152,170,195,224,252,296,334,375,419,472,524,576,640,695,763,821,906,984,1069,1165,1260,1374,1493,1614,1738,1863,1988,2113,2275,2421,2594,2754,2935,3095,3287,3464,3637,3803,3959,4133,4307,4475,4627,4778,4942,5119,5269,5425,5575,5717,5885,6043,6211,6334,6503,6660,6794,6949,7094,7228,7360,7505,7615,7722,7841,7949,8057,8161,8286,8384,8472,8568,8659,8743,8814,8877,8953,9035,9093,9145,9201,9256,9311,9373,9417,9457,9503,9542,9572,9610,9641,9669,9696,9733,9763,9785,9810,9833,9856,9879,9898,9916,9932,9954,9972,9986,10005,10015,10027,10041,10054,10061,10071,10085,10098,10108,10115,10122,10131,10138,10141,10150,10158,10168,10175,10181,10187,10192,10198,10201,10201,10203,10203,10205,10206,10211,10214,10220,10221,10223,10226,10228,10232,10233,10234,10236,10240,10240,10241,10243,10243,10244,10246,10246,10246,10246,10246,10246,10246,10246,10246,10247,10247,10248,10248,10249,10250,10250,10250,10250,10251,10251,10251,10251,10252,10252,10252,10252,10252,10252,10252,10252,10252,10252,10252,10252,10252,10252,10252,10252,10252,10252,10252,10253,10253,10253,10253,10253,10253,10253,10253,10253,10253,10253,10253,10253,10253,10253,10253,10253,10253,10253,10253,10253,10253,10253,10253,10253,10253,10253,10253,10254,10254,10254,10254,10254,10254,10254,10254,10254,10254,10254,10254,10254,10254,10254,10254,10254,10254,10254,10254,10254,10254,10254,10254,10254,10254,10254,10254,10254,10254,10254,10254,10254,10254,10254,10254,10254,10254,10254,10254,10254,10254,10254,10254,10254,10254,10254,10254,10254,10254,10254,10254,10254,10254,10254,10254,10254,10254,10254,10254,10254,10254,10254,10254,10254,10254,10254,10254,10254,10254,10254,10254,10254,10254,10254,10254,10254,10254,10254,10254,10254,10254,10254,10254,10254,10254,10254,10254,10254,10254,10254,10254,10254,10254,10254,10254,10254,10254,10254,10254,10254,10254,10254,10254,10254,10254,10254,10254,10254,10254,10254,10254,10254,10254,10254,10254,10254,10254,10254,10254,10254,10254,10254,10254,10254,10254,10254,10254,10254,10254,10254,10254,10254,10254,10254,10254,10254,10254,10254,10254,10254,10254,10254,10254,10254,
0,21,38,53,73,91,106,135,168,195,225,255,285,319,371,408,459,512,570,631,690,751,826,898,984,1070,1176,1286,1404,1538,1663,1789,1949,2107,2265,2406,2580,2748,2912,3101,3281,3464,3669,3875,4049,4240,4448,4618,4813,4983,5185,5377,5559,5731,5925,6100,6268,6446,6646,6837,7001,7158,7334,7494,7641,7792,7924,8054,8215,8330,8463,8584,8680,8790,8896,9004,9096,9175,9267,9358,9451,9533,9615,9701,9782,9867,9943,10003,10081,10152,10207,10264,10312,10364,10408,10472,10519,10562,10601,10643,10688,10735,10778,10819,10862,10897,10926,10957,10987,11014,11042,11072,11097,11126,11140,11158,11179,11190,11211,11230,11251,11267,11279,11290,11297,11311,11317,11330,11343,11350,11351,11363,11370,11377,11385,11390,11393,11399,11404,11406,11411,11416,11418,11425,11428,11439,11440,11444,11447,11451,11458,11460,11465,11465,11467,11469,11474,11477,11480,11480,11481,11483,11484,11487,11489,11490,11491,11493,11495,11498,11499,11500,11501,11505,11505,11505,11506,11506,11508,11509,11510,11510,11511,11511,11511,11511,11511,11511,11511,11511,11511,11513,11514,11514,11514,11514,11514,11514,11514,11514,11514,11515,11515,11515,11515,11515,11515,11515,11515,11515,11515,11515,11515,11515,11515,11515,11515,11515,11515,11516,11516,11516,11516,11516,11516,11516,11516,11516,11516,11516,11516,11516,11516,11516,11516,11516,11516,11516,11516,11516,11516,11516,11516,11516,11516,11516,11516,11516,11516,11516,11516,11516,11516,11516,11516,11516,11516,11516,11516,11516,11516,11516,11516,11516,11516,11516,11516,11516,11516,11516,11516,11516,11516,11516,11516,11516,11516,11516,11516,11516,11516,11516,11516,11516,11516,11516,11516,11516,11516,11516,11516,11516,11516,11516,11516,11516,11516,11516,11516,11516,11516,11516,11516,11516,11516,11516,11516,11516,11516,11516,11516,11516,11516,11516,11516,11516,11516,11516,11516,11516,11516,11516,11516,11516,11516,11516,11516,11516,11516,11516,11516,11516,11516,11516,11516,11516,11516,11516,11516,11516,11516,11516,11516,11516,11516,
0,29,41,56,77,93,111,128,144,164,177,206,234,252,268,294,328,366,411,453,499,542,589,658,714,791,868,937,1005,1066,1157,1254,1360,1478,1590,1712,1823,1960,2073,2206,2366,2526,2665,2813,2946,3104,3247,3408,3586,3730,3897,4056,4214,4419,4585,4725,4880,5019,5179,5327,5482,5628,5763,5895,6015,6127,6251,6364,6470,6576,6698,6806,6910,6989,7085,7169,7243,7311,7400,7467,7531,7597,7671,7729,7785,7864,7922,7990,8040,8079,8123,8163,8208,8241,8285,8315,8353,8389,8421,8455,8483,8510,8534,8569,8586,8612,8635,8658,8684,8703,8719,8733,8742,8762,8771,8782,8789,8796,8809,8823,8830,8836,8841,8850,8855,8865,8873,8882,8889,8895,8900,8905,8909,8916,8920,8924,8925,8929,8932,8936,8937,8943,8947,8949,8950,8953,8955,8958,8959,8961,8962,8962,8964,8966,8966,8966,8968,8973,8974,8976,8977,8978,8979,8979,8980,8981,8982,8983,8984,8984,8986,8986,8986,8986,8988,8988,8988,8990,8991,8992,8993,8994,8995,8996,8996,8996,8996,8996,8996,8997,8997,8997,8997,8997,8997,8997,8997,8998,8998,8998,8998,8998,8998,8998,8998,8998,8998,8998,8998,8998,8998,8998,8998,8998,8998,8998,8998,8998,8998,8998,8998,8998,8998,8998,8998,8998,8998,8998,8998,8998,8998,8998,8998,8998,8998,8998,8998,8998,8998,8998,8998,8998,8998,8998,8998,8998,8998,8998,8998,8998,8998,8998,8998,8998,8998,8998,8998,8998,8998,8998,8998,8998,
0,27,37,52,68,88,113,127,140,158,169,188,215,243,281,309,334,371,407,452,507,566,624,672,746,810,856,946,1030,1124,1228,1318,1402,1506,1629,1736,1861,1981,2115,2237,2375,2501,2645,2787,2939,3065,3230,3366,3521,3672,3823,3977,4150,4301,4456,4627,4787,4950,5119,5263,5400,5547,5715,5871,6003,6164,6299,6438,6575,6703,6849,6985,7099,7208,7323,7427,7522,7608,7712,7805,7912,8025,8106,8197,8279,8366,8440,8505,8571,8639,8701,8754,8816,8869,8916,8978,9034,9078,9125,9173,9210,9249,9288,9323,9367,9407,9443,9466,9493,9524,9549,9570,9590,9611,9635,9650,9668,9690,9698,9711,9724,9735,9745,9754,9763,9776,9782,9789,9799,9809,9815,9819,9829,9838,9846,9856,9863,9868,9870,9874,9878,9883,9890,9897,9902,9905,9906,9909,9913,9914,9915,9915,9919,9920,9920,9921,9922,9922,9923,9925,9925,9925,9925,9927,9928,9928,9928,9929,9930,9930,9930,9930,9930,9931,9932,9932,9932,9932,9932,9932,9932,9933,9933,9934,9934,9934,9934,9934,9935,9935,9936,9936,9936,9936,9936,9936,9936,9936,9936,9936,9936,9936,9936,9936,9936,9936,9936,9936,9936,9936,9936,
0,22,38,55,67,89,115,132,150,168,189,206,236,263,287,328,365,390,438,491,530,594,647,721,786,846,909,987,1071,1190,1285,1397,1510,1609,1735,1853,1977,2105,2240,2408,2561,2742,2916,3106,3244,3398,3580,3769,3969,4154,4355,4540,4717,4902,5086,5273,5464,5656,5823,6003,6187,6372,6529,6681,6862,6999,7130,7250,7367,7513,7660,7794,7914,8041,8163,8280,8392,8494,8592,8693,8798,8891,8985,9049,9136,9205,9271,9331,9393,9454,9514,9569,9622,9675,9722,9765,9807,9845,9878,9906,9941,9977,10002,10029,10061,10079,10106,10132,10150,10165,10190,10204,10223,10249,10272,10279,10295,10308,10313,10324,10339,10346,10354,10359,10366,10374,10381,10391,10398,10405,10411,10417,10420,10422,10426,10432,10432,10437,10437,10439,10445,10449,10451,10456,10457,10460,10462,10463,10466,10467,10468,10468,10470,10471,10474,10477,10478,10480,10480,10482,10482,10482,10483,10484,10484,10484,10486,10487,10487,10488,10488,10489,10491,10491,10492,10493,10493,10493,10494,10494,10494,10494,10494,10495,10495,10496,10496,10496,10496,10496,10496,10496,10496,10496,10496,10496,10496,10497,10497,10497,10497,10497,10497,10497,10497,10498,10498,10498,10498,10498,10498,10498,10499,10499,10500,10500,10500,10500,10500,10500,10500,10500,10500,10500,10500,10500,10500,10500,10500,10500,10500,10500,10500,10500,10500,10500,10500,10500,10500,10500,10500,10500,10500,10500,10500,10500,10500,10500,10500,10500,10500,10500,10500,10500,10500,10500,10500,10500,10500,10500,10500,10500,10500,10500,10500,10500,10500,10500,10500,10500,10500,10500,10500,10500,10500,10500,10500,10500,10500,
0,27,44,56,77,95,109,120,132,152,169,192,214,240,273,305,333,360,402,428,465,503,555,597,650,694,741,794,872,942,1013,1093,1172,1261,1338,1440,1527,1607,1707,1795,1915,2022,2135,2255,2398,2537,2661,2803,2940,3088,3255,3417,3586,3726,3871,4041,4189,4348,4514,4646,4806,4978,5128,5295,5455,5619,5791,5935,6095,6239,6381,6538,6690,6830,6966,7093,7227,7351,7467,7569,7671,7783,7892,7985,8092,8203,8285,8376,8458,8553,8634,8713,8803,8892,8974,9042,9115,9177,9245,9303,9367,9423,9478,9537,9577,9626,9665,9708,9747,9782,9827,9855,9891,9930,9959,9989,10013,10027,10041,10064,10088,10110,10128,10149,10164,10183,10194,10210,10223,10240,10261,10275,10287,10297,10314,10327,10338,10344,10349,10360,10375,10385,10395,10399,10407,10413,10422,10432,10440,10449,10458,10469,10474,10484,10491,10498,10503,10509,10510,10514,10521,10528,10534,10537,10544,10551,10555,10562,10565,10571,10573,10574,10576,10581,10582,10583,10585,10587,10589,10593,10594,10595,10597,10600,10602,10603,10603,10606,10607,10608,10608,10608,10610,10611,10612,10612,10615,10615,10616,10616,10618,10619,10621,10621,10621,10622,10623,10624,10625,10625,10625,10626,10626,10627,10627,10628,10628,10630,10630,10630,10630,10630,10631,10631,10631,10631,10634,10634,10634,10634,10634,10634,10634,10634,10634,10634,10634,10634,10634,10634,10634,10634,10634,10634,10634,10634,10634,10634,10634,10634,10634,10634,10634,10634,10634,10634,10634,10634,10634,10634,10634,10634,10634,10634,10634,10634,10634,10634,10634,10634,10634,10634,10634,10634,10634,10634,10634,10634,10634,10634,10634,10634,10634,10634,10634,10634,10634,10634,
0,38,48,62,81,97,111,132,146,167,186,207,227,255,270,292,323,351,387,435,476,519,565,621,669,748,808,886,958,1037,1113,1194,1286,1392,1474,1566,1659,1765,1869,1993,2105,2219,2338,2469,2589,2696,2842,2953,3084,3212,3331,3446,3572,3684,3801,3925,4049,4175,4286,4419,4536,4658,4761,4860,4974,5084,5199,5296,5421,5501,5597,5696,5792,5884,5987,6072,6141,6236,6322,6411,6474,6558,6617,6699,6775,6849,6905,6968,7041,7127,7194,7253,7314,7357,7405,7457,7502,7548,7589,7631,7663,7710,7742,7776,7812,7850,7877,7906,7940,7970,7995,8016,8032,8049,8076,8102,8125,8149,8172,8196,8210,8231,8249,8278,8296,8305,8331,8358,8383,8399,8415,8428,8443,8457,8475,8488,8501,8516,8537,8553,8571,8587,8597,8615,8629,8645,8659,8671,8687,8694,8701,8710,8724,8734,8741,8750,8754,8759,8764,8770,8775,8782,8784,8790,8793,8794,8799,8806,8809,8812,8815,8820,8824,8825,8827,8829,8832,8832,8834,8835,8839,8840,8843,8846,8846,8849,8850,8852,8854,8854,8854,8856,8857,8857,8857,8858,8860,8860,8860,8861,8861,8861,8862,8862,8862,8862,8863,8863,8863,8864,8865,8866,8866,8866,8867,8867,8867,8867,8867,8868,8868,8868,8868,8868,8868,8868,8868,8868,8868,8868,8868,8868,8868,8868,8868,8868,8868,8868,8868,8868,8868,8868,8868,8868,8869,8869,8869,8869,8869,8869,8869,8869,8869,8869,8869,8869,8869,8869,8869,8869,8869,8869,8869,8869,8869,8869,8869,8869,8869,8869,8869,8869,8869,8869,8869,8869,8869,8869,8869,8869,8869,8869,8869,8869,8869,8869,8869,8869,8869,8869,8869,8869,8869,8869,8869,8869,8869,8869,8869,8869,8869,8869,8869,8869,8869,8869,
0,25,43,56,73,89,103,114,132,146,166,186,219,250,279,307,352,405,443,490,554,626,690,750,832,889,971,1076,1143,1236,1354,1464,1560,1662,1777,1937,2083,2223,2387,2535,2684,2858,3040,3226,3396,3568,3729,3895,4046,4207,4400,4559,4747,4925,5088,5249,5419,5580,5735,5892,6031,6171,6334,6493,6651,6787,6947,7084,7217,7344,7475,7579,7715,7825,7937,8060,8179,8280,8370,8463,8560,8655,8749,8842,8923,8998,9093,9172,9236,9311,9373,9428,9481,9541,9588,9645,9708,9756,9802,9846,9880,9923,9960,10006,10037,10069,10097,10128,10165,10193,10231,10258,10286,10308,10338,10357,10374,10399,10414,10438,10462,10483,10497,10515,10530,10545,10554,10571,10586,10601,10612,10628,10639,10650,10662,10677,10689,10702,10712,10719,10725,10731,10739,10745,10753,10761,10767,10774,10778,10782,10785,10790,10796,10799,10802,10805,10811,10812,10814,10814,10816,10821,10822,10825,10827,10829,10830,10833,10834,10834,10836,10839,10839,10840,10842,10843,10844,10844,10846,10846,10846,10846,10847,10847,10848,10850,10852,10853,10853,10854,10854,10855,10855,10856,10856,10856,10856,10856,10856,10857,10857,10857,10857,10857,10858,10858,10858,10858,10858,10858,10858,10859,10860,10860,10862,10862,10862,10863,10863,10863,10864,10865,10865,10865,10865,
0,34,51,62,79,91,107,122,137,149,173,196,221,258,297,339,370,413,455,511,559,625,704,775,847,932,1002,1088,1182,1283,1385,1486,1599,1736,1864,2023,2129,2277,2430,2576,2716,2888,3069,3222,3386,3586,3758,3943,4104,4286,4481,4667,4853,5037,5228,5423,5608,5786,5935,6093,6256,6404,6567,6726,6874,7036,7187,7324,7456,7584,7704,7834,7971,8088,8188,8278,8367,8458,8571,8653,8727,8808,8889,8954,9024,9093,9156,9210,9263,9312,9363,9416,9470,9512,9549,9582,9605,9635,9669,9715,9746,9771,9802,9827,9852,9886,9912,9930,9951,9962,9981,9994,10010,10024,10044,10054,10072,10085,10095,10102,10108,10120,10128,10135,10141,10144,10150,10155,10159,10167,10173,10177,10178,10187,10192,10196,10204,10204,10207,10210,10215,10220,10223,10223,10225,10228,10229,10231,10233,10234,10235,10236,10237,10239,10239,10242,10244,10244,10245,10247,10247,10247,10247,10247,10248,10250,10250,10252,10252,10252,10252,10253,10254,10255,10255,10255,10255,10255,10255,10257,10258,10259,10259,10259,10259,10259,10259,10259,10259,10259,10259,10259,10259,10260,10260,10260,10260,10260,10260,10260,10260,10260,10260,10260,10260,10260,10260,10260,10260,10260,10261,10261,10261,10261,10261,10261,10261,10261,10261,10261,10261,10261,10261,10261,10261,10261,10261,10261,10261,10261,10261,10261,10261,10261,
0,25,48,72,86,109,119,130,156,171,191,206,223,247,275,301,337,377,428,479,518,580,641,706,761,829,893,963,1051,1148,1250,1335,1434,1548,1660,1783,1929,2062,2194,2356,2508,2651,2819,2973,3130,3284,3438,3597,3749,3915,4076,4218,4379,4542,4702,4846,4996,5134,5276,5407,5553,5692,5823,5943,6107,6238,6366,6503,6607,6727,6835,6959,7075,7188,7291,7399,7512,7604,7691,7786,7876,7963,8025,8100,8172,8245,8319,8390,8446,8516,8587,8648,8706,8753,8802,8867,8915,8972,9008,9046,9086,9123,9170,9213,9247,9281,9311,9341,9368,9393,9409,9437,9455,9478,9496,9518,9532,9550,9564,9578,9594,9605,9615,9630,9638,9650,9665,9676,9682,9686,9696,9706,9715,9719,9726,9731,9736,9737,9743,9745,9751,9754,9756,9760,9761,9764,9769,9772,9774,9777,9779,9781,9784,9784,9785,9786,9788,9790,9790,9791,9794,9795,9796,9796,9796,9799,9799,9800,9800,9801,9802,9803,9803,9803,9803,9804,9805,9805,9805,9806,9806,9806,9807,9809,9809,9809,9809,9809,9811,9812,9812,9812,9813,9813,9813,9813,9813,9813,9813,9814,9814,9814,9814,9814,9815,9815,9815,9815,9815,9816,9817,9817,9817,9818,9818,9818,9818,9818,9818,9818,9818,9818,9818,9818,
0,29,48,58,76,90,108,124,149,178,196,238,272,311,357,410,467,514,558,605,672,739,806,887,969,1063,1176,1277,1402,1512,1642,1760,1890,2028,2190,2331,2467,2597,2743,2880,3027,3168,3290,3430,3586,3754,3898,4040,4177,4313,4447,4593,4739,4873,5025,5166,5287,5412,5553,5681,5811,5939,6074,6232,6352,6489,6608,6714,6833,6929,7028,7123,7212,7284,7363,7444,7538,7610,7672,7743,7824,7893,7946,8009,8064,8117,8165,8206,8248,8301,8339,8386,8429,8465,8502,8538,8581,8610,8638,8675,8704,8738,8763,8789,8814,8843,8869,8888,8900,8925,8948,8964,8985,9003,9014,9030,9047,9063,9076,9088,9101,9114,9125,9138,9146,9161,9164,9175,9184,9194,9207,9216,9222,9230,9239,9249,9257,9261,9267,9271,9273,9278,9287,9291,9294,9297,9302,9306,9310,9315,9319,9327,9333,9338,9340,9342,9345,9348,9349,9353,9356,9358,9360,9362,9365,9370,9373,9374,9376,9378,9381,9382,9383,9384,9386,9386,9387,9387,9387,9388,9388,9388,9388,9388,9388,9389,9389,9389,9389,9389,9389,9390,9390,9390,9392,9392,9392,9395,9395,9396,9396,9397,9399,9399,9399,9399,9401,9401,9401,9401,9401,9401,9401,9401,9401,9401,9401,9401,9401,9401,9401,9401,9401,9401,9401,9401,9401,9401,9401,9401,9401,9401,9401,9401,9401,9401,9401,9401,9401,9401,9401,9401,9401,9401,9401,9401,9401,9401,9401,9401,9401,9401,
0,33,49,65,75,99,117,126,142,160,188,211,232,256,292,318,343,372,416,449,497,550,601,658,711,767,842,921,1003,1080,1167,1251,1371,1466,1571,1687,1813,1951,2079,2219,2352,2494,2651,2792,2954,3128,3268,3418,3565,3727,3880,4053,4225,4403,4527,4692,4842,4998,5159,5317,5456,5608,5752,5899,6052,6199,6333,6468,6591,6724,6844,6943,7039,7145,7252,7354,7451,7540,7623,7718,7779,7863,7939,8011,8088,8160,8225,8290,8340,8388,8434,8481,8525,8569,8611,8641,8673,8711,8736,8769,8805,8836,8871,8896,8920,8943,8968,8989,9013,9034,9052,9071,9084,9101,9111,9131,9143,9161,9169,9177,9192,9198,9208,9220,9229,9234,9245,9255,9262,9275,9281,9285,9292,9300,9306,9312,9315,9320,9325,9327,9329,9334,9338,9343,9346,9349,9352,9356,9359,9362,9365,9367,9368,9369,9370,9374,9376,9378,9380,9382,9382,9385,9386,9386,9386,9386,9386,9387,9387,9388,9388,9390,9391,9391,9392,9393,9393,9393,9393,9393,9393,9393,9393,9393,9393,9394,9394,9394,9394,9394,9394,9394,9394,9394,9394,9394,9394,9394,9394,9394,9394,9394,9394,9394,9394,9394,9394,9394,9394,9394,9394,9394,9394,9394,9394,9394,9394,9394,9394,9394,9394,9394,9394,9394,9394,9394,9394,9394,9394,9394,9394,9394,9394,9394,9394,9394,9394,9394,9394,9394,9394,9394,9394,9394,9394,9394,9394,9394,9394,9394,9394,9394,9394,9394,9394,9394,9394,9394,9394,9394,9394,9394,9394,9394,9394,9394,9394,
0,28,43,56,66,75,87,97,113,128,148,159,180,200,226,248,286,316,350,383,420,465,504,551,611,668,732,817,883,964,1057,1147,1237,1334,1432,1531,1631,1733,1837,1962,2063,2186,2318,2437,2575,2696,2816,2969,3114,3262,3402,3557,3716,3861,4010,4143,4298,4451,4586,4726,4873,5021,5164,5280,5409,5522,5644,5760,5883,6012,6123,6238,6318,6420,6523,6631,6719,6828,6909,6989,7067,7148,7224,7278,7343,7410,7479,7548,7604,7662,7711,7761,7815,7864,7914,7968,8009,8052,8081,8121,8152,8178,8206,8247,8283,8326,8357,8388,8412,8439,8463,8478,8505,8531,8555,8571,8594,8615,8638,8656,8677,8693,8720,8742,8760,8778,8798,8814,8836,8856,8870,8892,8912,8929,8946,8955,8964,8977,8988,8996,9009,9013,9026,9033,9042,9048,9060,9069,9077,9083,9089,9089,9098,9106,9110,9119,9124,9135,9138,9143,9150,9155,9158,9162,9166,9169,9172,9177,9178,9178,9183,9188,9190,9196,9198,9199,9203,9205,9206,9209,9210,9211,9211,9212,9212,9214,9215,9215,9215,9219,9219,9220,9221,9221,9221,9221,9222,9222,9224,9225,9225,9226,9227,9227,9227,9227,9227,9227,9227,9227,9229,9229,9229,9229,9229,9229,9229,9229,9229,9229,9229,9229,9229,9229,9229,9229,9229,9229,9229,9229,9229,
0,39,61,82,94,102,112,127,146,163,177,194,210,230,250,281,315,335,363,395,434,478,521,577,616,700,769,843,925,1019,1113,1199,1285,1391,1478,1579,1690,1792,1902,2004,2110,2230,2348,2495,2624,2784,2924,3032,3195,3378,3520,3668,3814,3956,4124,4273,4430,4570,4725,4875,5032,5174,5338,5492,5637,5793,5975,6140,6306,6453,6611,6748,6906,7059,7186,7313,7446,7586,7716,7812,7931,8026,8128,8228,8335,8420,8492,8590,8678,8740,8797,8873,8938,8998,9074,9142,9198,9247,9299,9349,9404,9443,9483,9524,9577,9607,9651,9691,9726,9749,9776,9797,9816,9838,9862,9877,9902,9922,9945,9965,9982,10000,10021,10038,10056,10066,10082,10094,10110,10131,10142,10149,10166,10177,10182,10198,10211,10222,10241,10257,10265,10279,10287,10295,10300,10309,10316,10323,10327,10330,10338,10347,10354,10355,10365,10372,10376,10381,10387,10390,10394,10401,10409,10411,10418,10424,10428,10429,10431,10434,10437,10438,10441,10442,10444,10445,10450,10452,10454,10456,10457,10457,10458,10462,10463,10465,10468,10468,10470,10470,10471,10472,10473,10475,10475,10475,10477,10477,10477,10478,10478,10478,10479,10479,10479,10479,10479,10479,10479,10479,10479,10479,10479,10480,10480,10480,10480,10480,10480,10480,10480,10480,10481,10481,10481,10482,10482,10482,10482,10482,10482,10482,10483,10483,10483,10484,10484,10484,10484,10484,10484,10484,10484,10484,10484,10484,10484,10484,10484,10484,10484,10484,10484,10484,10484,10484,10484,10484,
0,28,46,60,77,90,99,121,138,153,176,202,232,262,301,334,368,409,462,511,554,612,677,733,796,873,932,1030,1123,1194,1291,1400,1500,1601,1698,1807,1934,2053,2192,2335,2467,2591,2728,2883,3029,3173,3322,3474,3639,3803,3971,4117,4277,4414,4576,4730,4876,5053,5208,5328,5481,5635,5767,5905,6023,6152,6290,6433,6559,6678,6812,6927,7029,7163,7294,7391,7511,7606,7704,7800,7915,8038,8140,8239,8327,8434,8527,8622,8707,8785,8866,8948,9015,9088,9158,9212,9296,9369,9424,9480,9538,9604,9657,9707,9756,9803,9848,9895,9935,9983,10025,10064,10103,10136,10160,10197,10223,10252,10271,10293,10316,10333,10349,10366,10382,10400,10418,10432,10457,10471,10483,10496,10504,10512,10521,10532,10538,10548,10554,10560,10563,10572,10575,10583,10589,10593,10595,10598,10605,10611,10619,10626,10631,10634,10635,10641,10643,10647,10649,10653,10655,10659,10661,10665,10667,10668,10668,10670,10674,10674,10675,10676,10677,10678,10680,10681,10681,10682,10683,10683,10683,10683,10683,10684,10684,10685,10685,10685,10685,10685,10685,10685,10686,10686,10686,10686,10686,10687,10687,10687,10687,10687,10687,10689,10689,10689,10689,10689,10689,10689,10689,10689,10689,10689,10689,10690,10690,10690,10690,10690,10690,10690,10690,10690,10690,10690,
0,25,43,59,75,82,99,121,135,149,173,196,222,265,302,347,387,438,489,543,615,678,742,828,896,991,1075,1161,1260,1388,1494,1618,1749,1872,1995,2151,2313,2462,2626,2783,2940,3106,3298,3499,3671,3842,4021,4198,4405,4583,4766,4969,5179,5344,5522,5713,5892,6076,6268,6446,6618,6775,6958,7133,7292,7452,7581,7744,7883,8027,8177,8302,8419,8513,8625,8722,8809,8903,8997,9086,9180,9248,9326,9399,9459,9515,9563,9617,9676,9739,9779,9825,9857,9909,9940,9976,10001,10033,10056,10077,10107,10132,10152,10168,10191,10206,10224,10241,10252,10269,10288,10302,10317,10332,10349,10362,10371,10379,10386,10393,10399,10405,10412,10421,10427,10430,10439,10445,10448,10455,10456,10461,10465,10473,10479,10480,10484,10487,10492,10498,10501,10503,10504,10509,10510,10511,10513,10513,10516,10516,10520,10522,10524,10528,10530,10531,10531,10531,10532,10533,10534,10534,10534,10534,10535,10535,10537,10538,10539,10539,10539,10541,10541,10541,10541,10541,10542,10542,10544,10545,10545,10545,10545,10545,10546,10547,10547,10547,10548,10548,10548,10548,10548,10548,10548,10548,10548,10548,10548,10548,10548,10548,10548,10548,10548,10548,10548,10548,10548,10548,10548,10548,10548,10548,10548,10548,10548,10548,10548,10548,10548,10548,10548,10548,10548,10548,10548,10548,10548,10548,10548,10548,10548,10548,10548,10548,10548,10548,10548,10548,10548,10548,10548,10548,10548,10548,10548,
0,30,50,64,74,91,108,122,150,183,212,244,279,325,369,408,457,518,584,635,690,764,849,922,1004,1110,1220,1335,1430,1540,1684,1797,1931,2066,2207,2338,2496,2644,2820,2977,3132,3297,3464,3637,3786,3944,4116,4298,4473,4633,4830,5006,5185,5353,5524,5694,5850,6025,6164,6288,6444,6601,6734,6889,7031,7168,7285,7420,7540,7651,7768,7872,7979,8086,8195,8292,8368,8469,8571,8650,8735,8819,8892,8954,9026,9100,9176,9241,9309,9370,9440,9513,9562,9613,9663,9711,9757,9796,9833,9869,9912,9942,9976,9998,10027,10060,10088,10107,10127,10147,10168,10181,10203,10223,10243,10265,10279,10303,10316,10329,10345,10364,10373,10381,10393,10403,10412,10416,10425,10439,10447,10456,10461,10466,10471,10477,10483,10488,10496,10501,10503,10506,10509,10512,10519,10524,10524,10527,10531,10535,10536,10541,10543,10544,10547,10550,10553,10554,10554,10555,10556,10559,10561,10562,10564,10566,10566,10570,10572,10574,10574,10577,10580,10580,10580,10580,10581,10583,10583,10583,10583,10583,10584,10584,10584,10584,10585,10585,10586,10587,10587,10587,10587,10587,10587,10587,10587,10587,10587,10587,10587,10587,10587,10587,10587,10587,10587,10588,10588,10588,10588,10588,10588,10588,10588,10588,10588,10588,10588,10589,10589,10589,10589,10589,10589,10589,10590,10590,10590,10591,10591,10591,10591,10591,10591,10591,10592,10592,10592,10592,10592,10592,10592,10592,10592,10592,10592,10592,10592,10592,10592,10592,10592,10592,10592,10592,10592,10592,10592,10592,10592,10592,10592,10592,10592,10592,10592,10592,10592,10592,10592,10592,10592,10592,10592,10592,10592,10592,10592,10592,10592,10592,10592,10592,10592,10592,10592,10592,10592,10592,10592,10592,10592,10592,10592,10592,10592,10592,10592,10592,10592,10592,10592,10592,10592,10592,10592,10592,10592,10592,10592,10592,10592,10592,10592,10592,10592,10592,10592,10592,10592,10592,10592,
0,37,50,67,93,109,128,153,175,202,230,250,287,330,361,402,458,509,576,640,708,786,869,941,1038,1136,1234,1348,1473,1572,1726,1866,2003,2148,2307,2455,2615,2798,2960,3124,3316,3514,3685,3875,4066,4229,4423,4604,4786,5007,5178,5374,5565,5722,5895,6073,6232,6382,6563,6731,6862,7013,7150,7285,7403,7556,7667,7823,7925,8047,8186,8298,8416,8530,8646,8746,8852,8953,9033,9133,9214,9308,9386,9477,9557,9639,9724,9800,9871,9955,10034,10095,10159,10229,10295,10356,10411,10471,10515,10572,10634,10686,10734,10777,10819,10854,10892,10925,10956,10984,11006,11029,11051,11071,11085,11105,11116,11140,11162,11180,11198,11212,11224,11249,11259,11277,11290,11297,11309,11318,11328,11340,11351,11361,11366,11372,11376,11384,11391,11396,11399,11404,11408,11413,11415,11419,11422,11424,11427,11431,11434,11437,11439,11439,11442,11444,11446,11446,11448,11448,11449,11450,11452,11453,11453,11453,11454,11456,11460,11461,11462,11463,11463,11463,11463,11464,11465,11467,11469,11469,11469,11469,11470,11471,11471,11472,11472,11472,11474,11474,11474,11474,11474,11474,11474,11474,11474,11474,11475,11475,11475,11475,11475,11475,11475,11475,11475,11475,11475,11476,11476,11476,11476,11476,11476,11476,11477,11477,11477,11477,11477,11477,11477,11477,11477,11478,11478,11478,11478,11478,11478,11478,11478,11478,11478,11478,11478,11478,11478,11478,11478,11478,11478,11478,11478,11478,11478,11478,11478,11478,11480,
0,28,39,56,72,86,103,123,140,159,186,212,237,267,293,329,358,400,441,491,536,590,647,709,774,830,898,970,1056,1138,1235,1331,1428,1518,1619,1724,1833,1981,2096,2226,2323,2476,2615,2767,2911,3054,3202,3366,3505,3662,3812,3961,4105,4273,4397,4534,4668,4816,4961,5095,5228,5363,5495,5648,5782,5909,6042,6150,6274,6371,6487,6593,6691,6789,6889,7009,7112,7209,7292,7375,7457,7528,7607,7665,7724,7792,7843,7889,7948,7996,8059,8106,8162,8203,8248,8283,8305,8337,8371,8418,8450,8480,8514,8538,8563,8594,8617,8636,8653,8674,8696,8713,8730,8751,8768,8791,8804,8816,8831,8850,8860,8872,8888,8903,8914,8930,8943,8954,8962,8970,8981,8989,8999,9006,9014,9021,9025,9029,9035,9037,9047,9053,9061,9066,9069,9077,9083,9088,9091,9097,9100,9103,9104,9107,9109,9112,9113,9115,9116,9119,9119,9122,9124,9126,9128,9131,9131,9134,9136,9138,9140,9142,9142,9143,9144,9146,9146,9146,9147,9148,9149,9149,9149,9149,9149,9149,9149,9150,9150,9150,9150,9150,9152,9154,9154,9154,9154,9154,9154,9154,9154,9154,9154,9154,9154,9154,9154,9154,9154,9154,9154,9154,9154,9154,9154,9154,9154,9154,9154,9154,9154,9154,9154,9154,9154,9154,9154,9154,9154,9154,9154,9154,9154,9154,9154,9154,9154,9154,9154,9154,9154,9154,9154,9154,9154,9154,9154,9154,9154,9154,9154,9154,9154,9154,9154,9154,9154,9154,9154,9154,9154,9154,9154,9154,9154,9154,9154,9154,9154,9154,9154,9154,9154,9154,9154,
0,28,36,49,63,83,96,115,133,158,179,200,240,270,305,342,373,415,459,506,569,641,702,746,814,877,941,1018,1095,1188,1284,1390,1501,1610,1723,1854,2004,2155,2304,2439,2615,2758,2924,3078,3232,3400,3576,3766,3936,4084,4268,4476,4671,4871,5064,5242,5428,5625,5823,6009,6204,6389,6566,6730,6892,7036,7194,7329,7470,7616,7767,7912,8033,8182,8306,8434,8548,8664,8774,8900,9027,9143,9254,9343,9441,9510,9605,9710,9789,9877,9963,10037,10111,10176,10242,10295,10354,10419,10472,10528,10578,10642,10708,10750,10790,10831,10880,10909,10936,10965,11007,11041,11075,11103,11121,11153,11179,11206,11234,11257,11279,11301,11317,11338,11351,11365,11383,11398,11407,11416,11430,11442,11456,11470,11483,11495,11507,11518,11527,11529,11533,11537,11542,11547,11553,11556,11561,11565,11576,11578,11587,11588,11592,11595,11599,11603,11604,11608,11609,11614,11615,11619,11624,11627,11631,11634,11637,11638,11638,11640,11640,11642,11644,11645,11645,11646,11647,11650,11652,11654,11654,11655,11656,11656,11657,11657,11659,11660,11660,11660,11661,11661,11661,11662,11662,11663,11663,11663,11663,11663,11663,11663,11663,11663,11664,11664,11664,11664,11664,11664,11664,11664,11665,11665,11665,11665,11665,11665,11665,11665,11665,11665,11665,11665,11665,11665,11665,11665,11665,11665,11665,11666,11666,11666,11666,11666,11666,11666,11666,11666,11666,11666,11666,11666,11666,11666,11666,11666,11666,11666,11666,11666,11666,11666,11666,11666,11666,11666,11666,11666,11666,11666,11666,11666,11666,11666,11666,11666,11666,11666,11666,11666,11666,11666,11666,11666,11666,11666,11666,11666,11666,11666,11666,
0,29,45,57,70,89,109,130,151,168,189,213,260,296,330,367,404,441,502,547,608,667,735,816,876,947,1015,1121,1214,1316,1405,1500,1593,1711,1806,1916,2024,2159,2283,2410,2535,2658,2792,2932,3071,3222,3380,3512,3663,3832,3970,4106,4240,4363,4522,4691,4863,5012,5145,5285,5443,5582,5719,5844,5978,6105,6229,6339,6437,6553,6653,6772,6900,7028,7126,7242,7326,7427,7510,7606,7701,7787,7885,7959,8035,8119,8187,8259,8318,8387,8464,8517,8568,8618,8684,8735,8770,8817,8871,8910,8958,9000,9025,9066,9101,9143,9176,9194,9223,9244,9267,9292,9308,9328,9349,9368,9387,9407,9423,9443,9450,9465,9476,9487,9502,9513,9522,9539,9545,9548,9559,9568,9573,9576,9584,9592,9601,9606,9610,9613,9618,9624,9625,9631,9633,9636,9640,9644,9647,9652,9656,9659,9662,9663,9663,9665,9667,9668,9670,9671,9673,9675,9675,9676,9677,9678,9679,9681,9681,9681,9682,9683,9683,9685,9685,9686,9687,9688,9690,9690,9690,9691,9692,9692,9692,9692,9693,9694,9695,9695,9696,9697,9697,9698,9698,9699,9700,9701,9702,9703,9704,9704,9704,9704,9704,9704,9704,9705,9705,9705,9706,9706,9706,9706,9706,9706,9706,9706,9707,9707,9708,9708,9709,9709,9709,9709,9709,9709,9709,9709,9709,9709,9709,9709,9709,9709,9709,9709,9709,
0,39,54,63,77,91,105,118,144,163,179,206,234,267,301,338,369,418,464,499,531,584,636,690,755,825,905,977,1049,1149,1238,1308,1393,1492,1582,1697,1804,1922,2033,2134,2266,2389,2503,2606,2729,2852,2979,3098,3224,3348,3478,3605,3731,3864,4002,4146,4259,4390,4529,4652,4770,4892,5001,5141,5262,5379,5496,5613,5734,5850,5973,6112,6214,6327,6436,6537,6654,6779,6874,6968,7051,7142,7222,7287,7381,7457,7547,7622,7683,7751,7821,7895,7945,8008,8062,8103,8150,8209,8249,8285,8320,8356,8385,8421,8454,8484,8507,8539,8561,8587,8604,8634,8650,8670,8690,8700,8711,8728,8746,8767,8781,8794,8812,8818,8830,8838,8849,8856,8866,8877,8886,8893,8900,8903,8908,8915,8924,8928,8936,8942,8949,8951,8957,8963,8966,8968,8971,8976,8979,8980,8981,8983,8989,8992,8995,8996,8997,8998,8999,9000,9003,9005,9007,9008,9009,9010,9011,9015,9015,9015,9016,9019,9020,9021,9021,9023,9025,9026,9027,9027,9027,9027,9027,9027,9027,9027,9028,9028,9029,9030,9030,9031,9032,9032,9032,9032,9032,9032,9032,9033,9033,9033,9033,9033,9033,9033,9033,9033,9033,9033,9033,9033,9033,9033,9033,9033,9033,9033,9033,9033,9033,9033,9033,9033,9033,9033,9033,9033,9033,9033,9033,9033,9033,9033,9033,9033,9033,9033,
0,29,54,66,75,90,108,118,137,156,166,186,218,243,271,304,329,366,398,444,484,523,559,591,652,724,789,865,923,1007,1093,1174,1263,1356,1448,1553,1657,1768,1898,2033,2145,2277,2413,2548,2679,2831,2974,3116,3267,3419,3578,3724,3871,4056,4234,4367,4514,4672,4824,4968,5113,5250,5428,5564,5729,5903,6079,6245,6434,6600,6773,6913,7062,7199,7319,7446,7580,7716,7843,7956,8068,8167,8263,8355,8450,8535,8613,8724,8793,8878,8966,9039,9105,9201,9270,9328,9397,9470,9529,9587,9640,9696,9752,9796,9836,9876,9921,9964,10008,10050,10083,10117,10144,10162,10198,10218,10239,10253,10278,10291,10313,10325,10339,10356,10369,10382,10396,10414,10425,10438,10453,10467,10479,10492,10498,10507,10517,10523,10528,10534,10541,10549,10555,10559,10563,10569,10575,10582,10585,10589,10594,10597,10600,10606,10609,10613,10617,10620,10623,10629,10632,10634,10636,10638,10640,10642,10643,10645,10648,10649,10652,10656,10657,10659,10661,10661,10661,10665,10666,10667,10668,10669,10669,10670,10672,10672,10672,10673,10673,10674,10674,10676,10677,10677,10677,10677,10680,10683,10684,10686,10686,10686,10686,10686,10687,10688,10688,10688,10688,10689,10689,10689,10690,10690,10690,10690,10690,10690,10690,10690,10690,10690,10690,10690,10691,10691,10692,10692,10692,10692,10692,10692,10693,10693,10693,10693,10693,10693,10693,10693,10693,10693,10693,10693,10693,10693,
0,33,54,64,74,90,100,118,132,151,175,194,218,245,276,308,335,365,388,417,457,508,553,603,660,737,798,863,958,1030,1123,1218,1339,1464,1596,1739,1857,1988,2156,2292,2436,2580,2742,2878,3044,3212,3403,3566,3754,3924,4104,4252,4410,4594,4743,4892,5065,5227,5381,5530,5685,5824,5974,6109,6231,6348,6458,6590,6706,6816,6929,7062,7167,7267,7375,7475,7563,7656,7742,7830,7922,8005,8072,8148,8221,8280,8341,8395,8449,8516,8583,8633,8668,8709,8747,8780,8818,8842,8881,8917,8940,8988,9021,9036,9069,9097,9120,9142,9162,9186,9201,9219,9237,9248,9264,9280,9294,9302,9311,9320,9329,9336,9347,9352,9360,9366,9371,9376,9380,9388,9394,9400,9403,9409,9412,9418,9420,9422,9425,9428,9429,9430,9431,9435,9439,9440,9440,9442,9442,9443,9444,9445,9445,9445,9447,9447,9448,9450,9451,9452,9452,9452,9453,9453,9454,9454,9454,9455,9455,9455,9456,9457,9457,9457,9457,9457,9457,9457,9458,9458,9458,9458,9458,9459,9459,9459,9459,9459,9459,9459,9459,9459,9459,9459,9459,9459,9459,9459,9459,9459,9459,9459,9459,9459,9459,9459,9459,9459,9459,9459,9459,9459,9459,9459,9459,9459,9459,9459,9459,9459,9459,9459,9459,9459,9459,9459,9459,9459,9459,9459,9459,9459,9459,9459,9459,9459,9459,9459,9459,9459,9459,9459,9459,9459,9459,9459,
0,27,45,61,74,85,100,110,134,146,178,201,227,259,287,312,355,396,439,486,531,581,636,697,755,813,879,950,1019,1090,1150,1230,1308,1416,1528,1617,1707,1819,1930,2036,2173,2278,2389,2513,2667,2812,2937,3073,3218,3334,3454,3577,3738,3859,3997,4146,4282,4402,4532,4661,4776,4893,4988,5114,5213,5303,5398,5521,5640,5751,5857,5964,6075,6183,6282,6387,6493,6591,6684,6777,6862,6938,7028,7113,7182,7253,7338,7403,7468,7530,7589,7639,7699,7747,7792,7841,7893,7946,8013,8065,8112,8164,8212,8254,8292,8333,8370,8404,8441,8479,8511,8554,8582,8615,8644,8672,8705,8727,8759,8782,8804,8820,8838,8870,8894,8919,8942,8966,8996,9012,9039,9068,9080,9105,9121,9135,9151,9170,9183,9200,9212,9221,9230,9246,9256,9275,9287,9297,9307,9317,9333,9341,9353,9362,9370,9381,9386,9394,9395,9401,9407,9413,9416,9426,9434,9442,9444,9448,9454,9457,9459,9462,9463,9464,9467,9470,9473,9475,9476,9477,9478,9479,9481,9481,9482,9485,9485,9488,9490,9490,9490,9491,9491,9491,9491,9491,9491,9491,9491,9493,9493,9494,9494,9494,9494,9494,9494,9494,9494,9494,9494,9494,9494,9494,9494,9494,9494,9494,9494,9494,9494,9494,9494,9494,9494,9494,9494,9494,9494,9494,9494,9494,9494,9494,9494,9494,9494,9495,9495,9495,9495,9495,9495,9495,9495,9495,9495,9495,9495,9495,9495,9495,9495,9496,9496,9496,9496,9496,9496,9496,9496,9496,9496,9496,9496,9496,9496,9496,9496,9496,9496,9496,9496,9496,9496,9496,9496,9496,9496,9496,9496,9496,9496,9496,9496,9496,9496,9496,9496,9496,9496,9496,9496,9496,9496,9496,9496,9496,9496,9496,9496,9496,9496,9496,9496,9496,9496,9496,9496,9496,9496,9496,9496,9496,9496,9496,9496,
0,25,44,55,66,75,86,100,108,123,134,150,172,191,215,248,279,309,342,384,426,461,510,567,627,693,752,827,886,970,1049,1152,1274,1375,1492,1603,1732,1856,1988,2116,2265,2429,2584,2729,2912,3092,3241,3419,3582,3762,3960,4141,4326,4497,4689,4837,5019,5208,5398,5559,5716,5863,6056,6228,6384,6531,6693,6839,6981,7119,7274,7409,7527,7663,7780,7901,8019,8146,8237,8350,8450,8557,8638,8725,8816,8900,8986,9058,9125,9193,9269,9343,9415,9474,9546,9620,9686,9743,9793,9844,9901,9949,9981,10015,10051,10087,10119,10149,10173,10198,10233,10263,10291,10319,10343,10364,10376,10395,10414,10433,10451,10464,10483,10498,10518,10533,10545,10554,10565,10581,10591,10601,10613,10618,10632,10642,10652,10659,10669,10672,10674,10683,10690,10693,10698,10704,10707,10712,10715,10720,10724,10729,10731,10736,10743,10748,10750,10751,10754,10757,10758,10758,10758,10758,10758,10768,10770,10771,10773,10773,10775,10775,10778,10780,10782,10782,10782,10783,10785,10786,10786,10786,10787,10788,10788,10788,10788,10789,10789,10789,10789,10789,10789,10789,10789,10789,10789,10789,10789,10789,10790,10790,10790,10790,10790,10790,10790,10790,10791,10791,10791,10791,10791,10791,10791,10791,10791,10791,10791,10792,10792,10792,10792,10792,10792,10792,10792,10792,10792,10792,10792,10792,10792,10792,10792,10792,10792,10792,10792,10792,10792,10792,10792,10792,10792,10792,10792,10792,10792,10792,10792,10792,10792,10792,10792,10792,10792,10792,10792,10793,10793,10793,10793,10793,10793,10793,10793,10793,10793,10793,
0,30,42,53,65,75,88,101,121,139,163,188,216,244,275,309,338,373,419,472,517,566,619,674,737,795,884,984,1073,1182,1300,1395,1517,1631,1743,1880,2016,2144,2317,2489,2671,2845,3017,3216,3406,3609,3781,3986,4184,4382,4573,4771,5000,5188,5397,5593,5790,5984,6160,6341,6496,6679,6855,7018,7194,7336,7504,7656,7807,7959,8081,8210,8345,8472,8587,8697,8800,8895,8990,9084,9170,9280,9356,9444,9510,9583,9635,9694,9761,9811,9867,9906,9963,10022,10075,10115,10154,10202,10250,10293,10337,10377,10420,10454,10485,10526,10564,10593,10625,10661,10698,10721,10747,10764,10789,10815,10838,10847,10871,10897,10914,10925,10942,10965,10978,10992,11005,11019,11030,11052,11063,11072,11088,11104,11111,11119,11125,11134,11143,11154,11156,11164,11173,11178,11187,11195,11201,11204,11209,11213,11217,11223,11227,11234,11240,11245,11249,11251,11257,11266,11268,11275,11279,11280,11281,11284,11286,11288,11293,11297,11302,11304,11305,11309,11311,11314,11317,11321,11322,11323,11325,11328,11329,11332,11335,11336,11337,11340,11343,11345,11345,11347,11347,11349,11350,11350,11350,11352,11354,11355,11355,11356,11356,11356,11357,11358,11359,11360,11361,11362,11362,11364,11366,11368,11368,11368,11369,11369,11369,11370,11370,11372,11372,11372,11372,11372,11372,11372,11373,11373,11374,11374,11374,11375,11375,11375,11375,11375,11375,11375,11375,11375,11375,11375,11376,11376,11376,11376,11376,11376,
0,46,63,78,94,114,125,136,148,165,198,219,248,275,308,343,395,445,491,536,602,665,711,793,865,965,1063,1135,1220,1299,1405,1504,1604,1708,1837,1958,2071,2189,2318,2443,2554,2680,2795,2930,3071,3205,3359,3499,3647,3810,3968,4126,4284,4431,4582,4736,4897,5048,5178,5326,5478,5636,5795,5954,6082,6226,6379,6514,6645,6787,6921,7060,7178,7317,7429,7543,7659,7763,7847,7954,8052,8146,8248,8344,8432,8509,8584,8661,8738,8802,8866,8950,9002,9062,9127,9182,9226,9280,9317,9368,9404,9447,9485,9530,9572,9598,9635,9663,9705,9740,9759,9793,9815,9846,9870,9894,9916,9937,9954,9972,9985,10003,10016,10026,10036,10046,10066,10078,10090,10105,10117,10124,10136,10142,10149,10153,10160,10167,10170,10177,10182,10186,10192,10195,10198,10204,10207,10214,10218,10223,10227,10231,10233,10238,10241,10244,10249,10254,10256,10259,10259,10262,10266,10268,10271,10274,10276,10276,10277,10279,10279,10280,10280,10281,10281,10281,10281,10281,10282,10282,10282,10283,10283,10283,10284,10284,10284,10284,10284,10285,10286,10286,10287,10287,10287,10287,10287,10287,10287,10288,10288,10288,10288,10288,10288,10288,10288,10289,10289,10290,10290,10290,10290,10290,10290,10290,10290,10291,10291,10291,10291,10291,10291,10291,10291,10291,10291,10291,10291,10291,10291,10291,10291,10291,10291,10291,10291,10291,10291,10291,10291,10291,10291,10291,10291,10291,10291,
0,23,40,50,61,70,92,107,125,148,168,191,217,238,273,311,339,378,422,477,530,579,629,681,745,807,880,973,1052,1136,1238,1324,1451,1561,1682,1797,1915,2058,2168,2325,2485,2632,2799,2956,3123,3293,3446,3593,3760,3946,4116,4308,4523,4690,4896,5067,5277,5445,5638,5783,5944,6076,6259,6409,6550,6699,6815,6973,7132,7277,7407,7532,7658,7784,7897,8016,8112,8210,8301,8392,8483,8562,8639,8703,8764,8823,8884,8940,8995,9048,9101,9152,9188,9235,9269,9301,9345,9377,9415,9435,9471,9503,9525,9538,9559,9579,9595,9604,9609,9620,9630,9643,9655,9671,9690,9695,9701,9713,9722,9732,9738,9745,9748,9761,9762,9770,9776,9777,9781,9784,9785,9789,9794,9798,9799,9803,9805,9807,9811,9820,9820,9825,9825,9826,9827,9830,9831,9831,9831,9832,9834,9834,9834,9835,9835,9836,9837,9837,9837,9838,9838,9841,9841,9841,9842,9843,9843,9844,9844,9844,9844,9846,9846,9846,9846,9847,9848,9848,9848,9848,9848,9848,9850,9850,9850,9850,9850,9851,9851,9851,9852,9853,9853,9853,9853,9854,9854,9855,9855,9855,9855,9855,9855,9855,9855,9855,9855,9855,9855,9855,9855,9855,9855,9855,9855,9855,9855,9855,9855,9855,9855,9855,9855,9855,9855,9855,9855,9855,9855,9855,9855,9855,9855,9855,9855,9855,9855,9855,9855,9855,9855,9855,9855,9855,9855,9855,9855,9855,9855,9855,9855,9855,9855,9855,9855,9855,9855,9855,9855,9855,9855,9855,9855,9855,9855,9855,9855,9855,9855,9855,9855,9855,9855,9855,9855,9855,9855,9855,
0,34,53,70,84,96,116,134,163,190,215,249,272,310,346,376,412,450,503,561,613,690,759,842,895,991,1112,1197,1293,1411,1539,1646,1766,1883,2004,2150,2280,2419,2549,2714,2875,3054,3231,3409,3593,3772,3933,4149,4325,4492,4690,4870,5050,5238,5396,5568,5733,5891,6037,6191,6349,6506,6638,6770,6901,7038,7153,7268,7379,7502,7614,7728,7840,7963,8064,8152,8226,8297,8375,8444,8512,8566,8610,8666,8721,8776,8824,8866,8909,8955,9001,9032,9073,9113,9138,9173,9207,9233,9273,9302,9327,9348,9373,9397,9410,9432,9450,9468,9485,9499,9518,9535,9553,9566,9576,9599,9616,9635,9645,9654,9667,9673,9680,9689,9699,9713,9719,9723,9728,9736,9740,9747,9754,9758,9765,9767,9767,9774,9776,9777,9780,9783,9787,9787,9789,9790,9791,9794,9796,9800,9801,9804,9806,9810,9811,9812,9814,9815,9816,9817,9820,9821,9822,9822,9824,9824,9824,9824,9824,9824,9824,9825,9825,9825,9825,9826,9826,9826,9826,9826,9826,9826,9826,9826,9826,9826,9826,9826,9826,9827,9827,9827,9827,9827,9827,9827,9827,9827,9827,9827,9827,9827,9827,9827,9827,9827,9827,9827,9827,9827,9828,9828,9828,9828,9828,9828,9828,9828,9828,9829,9829,9829,9829,9829,9829,9829,9829,9829,9829,9829,9829,9829,9829,9829,9829,9829,9829,9829,9829,9829,9829,9829,9829,9829,9830,9830,9830,9830,9830,9830,9830,9830,9830,9830,9830,9830,9830,9830,9830,9830,9830,9830,9830,9830,9830,9830,9830,9830,9830,9830,9830,9830,9830,9830,9830,9830,9830,9830,9830,9830,9830,9830,9830,9830,9830,9830,9830,9830,9830,9830,9830,9830,9830,9830,9830,9830,9830,9830,9830,9830,
0,34,53,58,77,88,103,116,129,141,161,180,203,227,246,271,304,340,365,397,430,463,518,564,624,676,727,790,845,917,1012,1078,1165,1255,1357,1456,1576,1680,1791,1894,2008,2119,2258,2395,2544,2681,2821,2955,3067,3229,3365,3515,3662,3812,3977,4128,4288,4447,4581,4742,4902,5039,5185,5336,5466,5614,5748,5874,6012,6142,6272,6408,6507,6650,6784,6893,7003,7092,7196,7307,7404,7495,7590,7672,7755,7826,7893,7978,8054,8119,8183,8235,8306,8353,8414,8448,8487,8548,8597,8636,8673,8716,8759,8790,8819,8848,8876,8901,8929,8953,8971,9002,9027,9044,9062,9086,9102,9116,9129,9140,9149,9165,9178,9194,9211,9220,9231,9238,9253,9258,9275,9279,9287,9291,9297,9301,9309,9317,9326,9331,9337,9338,9344,9346,9346,9352,9358,9360,9361,9365,9366,9368,9369,9370,9373,9374,9377,9380,9381,9383,9384,9388,9391,9392,9396,9399,9401,9401,9402,9403,9403,9403,9405,9405,9405,9407,9410,9411,9411,9411,9412,9414,9414,9414,9414,9414,9416,9416,9416,9416,9416,9417,9417,9417,9417,9417,9417,9417,9417,9417,9417,9417,9417,9417,9417,9417,9417,9417,9417,9417,9417,9417,9417,9417,9417,9417,9417,
0,32,50,61,76,91,104,123,149,174,200,225,264,307,347,390,436,494,547,607,683,751,826,904,982,1063,1163,1264,1350,1474,1601,1749,1873,2018,2168,2328,2502,2662,2825,3006,3169,3359,3551,3745,3934,4129,4296,4488,4684,4855,5034,5263,5466,5677,5877,6095,6299,6491,6684,6884,7074,7262,7439,7624,7819,7988,8161,8313,8460,8611,8754,8886,9002,9127,9249,9366,9484,9606,9717,9837,9930,10008,10090,10178,10252,10330,10406,10484,10552,10615,10678,10742,10808,10855,10907,10949,11004,11048,11077,11121,11153,11178,11212,11254,11282,11313,11340,11366,11397,11420,11447,11470,11484,11504,11525,11537,11546,11558,11576,11587,11598,11609,11620,11634,11651,11662,11671,11675,11680,11689,11693,11699,11703,11710,11712,11715,11719,11727,11730,11732,11734,11734,11736,11738,11739,11740,11740,11741,11744,11746,11748,11752,11752,11752,11752,11752,11755,11755,11755,11755,11755,11756,11756,11756,11756,11756,11757,11757,11757,11757,11757,11757,11757,11757,11757,11757,11757,11757,11757,11758,11758,11758,11758,11758,11758,11758,11758,11758,11758,11758,11758,11758,11758,11758,11758,11759,11760,11760,11760,11760,11760,11760,11760,11760,11760,11760,11760,11760,11760,11760,11760,11760,11760,11760,11760,11760,11760,11760,11760,11760,11760,11760,11760,11760,11760,11760,11760,11760,11760,11760,11760,11761,11761,11761,11761,11761,11761,11761,11761,11761,11761,11761,11761,11761,11761,
0,40,56,69,84,96,118,139,157,184,208,229,260,281,305,337,377,413,459,511,571,626,687,746,825,923,999,1087,1182,1268,1363,1484,1623,1743,1892,2017,2153,2325,2483,2637,2773,2932,3078,3234,3404,3567,3745,3954,4150,4342,4529,4708,4890,5059,5242,5399,5559,5730,5890,6035,6176,6295,6437,6563,6685,6810,6951,7067,7167,7272,7377,7487,7596,7684,7791,7885,7953,8029,8122,8190,8252,8332,8388,8447,8510,8577,8622,8674,8726,8763,8797,8832,8872,8909,8940,8975,9009,9037,9059,9086,9109,9128,9153,9176,9192,9213,9232,9247,9263,9277,9293,9304,9318,9328,9337,9350,9361,9369,9377,9381,9384,9395,9403,9413,9421,9424,9428,9442,9448,9452,9454,9460,9465,9469,9480,9485,9488,9490,9492,9494,9496,9499,9500,9503,9508,9510,9512,9512,9513,9516,9517,9518,9521,9523,9525,9525,9526,9527,9527,9527,9529,9530,9530,9532,9532,9533,9534,9534,9534,9535,9535,9537,9537,9539,9541,9541,9541,9541,9541,9541,9541,9542,9542,9542,9544,9544,9544,9544,9544,9545,9547,9547,9547,9547,9548,9548,9548,9549,9550,9550,9550,9550,9550,9550,9550,9550,9550,9551,9551,9551,9551,9551,9551,9551,9551,9551,9551,9551,9551,9551,9551,9551,9551,9551,9551,9551,9551,9551,9551,9551,9551,9551,9551,9551,9551,9551,9551,9551,9551,9551,9551,9551,9551,9551,9551,9551,9551,9551,9551,9551,9551,9551,9551,9551,
0,29,43,58,68,82,99,123,138,161,187,212,246,267,299,335,374,413,455,494,538,584,636,700,764,847,928,1018,1093,1187,1279,1397,1515,1628,1752,1879,2005,2160,2335,2490,2658,2828,2996,3162,3323,3495,3703,3900,4098,4304,4524,4747,4945,5135,5315,5495,5686,5868,6038,6210,6380,6536,6698,6858,7027,7164,7319,7470,7599,7750,7863,7990,8123,8218,8343,8463,8566,8663,8751,8843,8912,9000,9062,9134,9214,9273,9333,9376,9433,9474,9523,9571,9610,9650,9692,9726,9761,9788,9831,9858,9885,9910,9938,9963,9989,10011,10031,10047,10061,10074,10087,10100,10109,10117,10126,10134,10146,10157,10171,10185,10191,10200,10204,10211,10219,10226,10229,10234,10238,10243,10246,10250,10251,10253,10255,10259,10262,10265,10267,10270,10272,10274,10276,10278,10281,10282,10287,10290,10293,10295,10297,10297,10298,10300,10301,10301,10301,10301,10303,10303,10306,10307,10308,10308,10310,10311,10312,10313,10313,10313,10313,10316,10316,10316,10316,10316,10316,10316,10316,10316,10316,10317,10319,10320,10320,10320,10320,10320,10320,10320,10321,10321,10321,10322,10322,10322,10322,10322,10322,10322,10322,10322,10322,10322,10322,10322,10322,10322,10322,10322,10322,10322,10322,10322,10322,10322,10322,10322,10322,10322,10322,10322,10322,10322,10322,10322,10322,10322,10322,10322,10322,10322,10322,10322,10322,10322,10322,10322,10322,10322,10322,10322,10322,10322,10322,10322,10322,10322,10322,10322,10322,10322,10322,10322,10322,10322,10322,10322,10322,10322,10322,10322,10322,10322,10322,10322,10322,10322,10322,
0,27,41,60,69,83,100,122,131,143,168,194,216,237,275,305,333,380,420,465,508,572,628,679,739,818,876,953,1047,1145,1256,1356,1476,1592,1720,1862,2004,2157,2295,2450,2596,2739,2890,3013,3187,3354,3541,3725,3893,4061,4252,4439,4642,4831,5024,5181,5346,5527,5710,5890,6063,6207,6383,6532,6700,6868,7030,7195,7357,7498,7636,7775,7907,8014,8140,8256,8361,8480,8590,8692,8785,8871,8964,9038,9127,9197,9267,9320,9383,9455,9514,9577,9626,9679,9729,9782,9820,9868,9918,9962,10009,10042,10079,10114,10140,10181,10206,10246,10266,10290,10318,10338,10359,10384,10407,10420,10432,10454,10469,10486,10497,10510,10525,10537,10550,10562,10578,10583,10598,10606,10614,10619,10624,10630,10634,10641,10644,10655,10660,10666,10669,10676,10682,10687,10688,10689,10692,10693,10696,10697,10700,10700,10702,10705,10706,10708,10708,10709,10712,10713,10713,10713,10714,10716,10718,10718,10718,10719,10719,10719,10719,10719,10719,10719,10720,10720,10720,10720,10721,10721,10721,10721,10721,10721,10721,10722,10722,10722,10722,10722,10722,10722,10722,10722,10722,10722,10722,10722,10722,10723,10723,10723,10723,10723,10723,10723,10723,10725,10725,10725,10725,10725,10725,10725,10726,10727,10727,10727,10727,10727,10727,10727,
0,27,40,60,82,95,121,151,172,203,228,250,285,316,357,395,444,512,557,615,672,740,804,872,955,1029,1092,1181,1271,1380,1489,1616,1735,1890,2008,2152,2274,2416,2564,2730,2914,3093,3265,3451,3635,3835,4014,4214,4386,4553,4733,4914,5098,5291,5465,5651,5824,6026,6206,6363,6546,6716,6873,7019,7162,7297,7435,7572,7687,7811,7934,8048,8170,8290,8398,8502,8593,8681,8778,8875,8948,9012,9087,9168,9228,9282,9340,9393,9444,9500,9564,9603,9657,9703,9741,9784,9829,9864,9893,9918,9941,9966,9990,10007,10038,10063,10083,10103,10123,10135,10146,10158,10173,10188,10201,10207,10219,10236,10243,10249,10258,10264,10273,10281,10288,10291,10298,10306,10313,10322,10330,10332,10335,10339,10342,10345,10346,10352,10356,10361,10364,10364,10370,10370,10374,10375,10379,10380,10383,10383,10386,10389,10390,10391,10392,10392,10393,10393,10394,10394,10394,10394,10397,10397,10398,10398,10399,10399,10399,10400,10401,10402,10402,10403,10404,10406,10406,10406,10406,10406,10406,10406,10406,10406,10406,10407,10407,10407,10407,10407,10407,10408,10408,10408,10408,10408,10408,10408,10408,10408,10408,10408,10408,10409,10409,10409,10409,10409,10409,10409,10409,10409,10409,10409,10409,10409,10409,10409,10409,10409,10409,10409,10409,10409,10409,10409,10409,10409,10409,10409,10409,10409,10409,10409,10409,10409,10409,10409,10409,10409,10409,10409,10409,10409,10409,10409,10409,10409,10409,10409,10409,10410,10410,10410,10410,10410,10410,10410,10410,10410,10410,10410,10410,10410,10410,10410,10410,10410,10410,10410,10410,10410,10410,10410,10410,10410,10410,10410,10410,10410,10410,10410,10410,10410,10410,10410,10410,10410,10410,10410,10410,10410,10410,10410,10410,10410,10410,10410,10410,10410,10410,10410,10410,10410,10410,10410,10410,10410,10410,10410,10410,10410,10410,10410,10410,10410,10410,10410,10410,10410,10410,10410,10410,10410,10410,10410,10410,10410,10410,10410,10410,
0,25,43,59,80,95,112,137,162,175,200,233,257,293,321,363,401,444,498,535,575,619,656,709,754,813,876,928,1004,1087,1170,1250,1340,1416,1502,1610,1725,1855,1973,2086,2218,2340,2469,2634,2784,2931,3098,3287,3459,3617,3785,3963,4152,4324,4482,4697,4885,5051,5214,5411,5571,5728,5903,6050,6211,6344,6478,6618,6752,6885,7004,7136,7265,7374,7501,7603,7701,7791,7882,7974,8061,8144,8228,8304,8395,8469,8546,8615,8668,8725,8789,8857,8912,8962,9019,9069,9114,9164,9200,9232,9260,9293,9321,9348,9375,9400,9416,9442,9463,9485,9502,9515,9531,9544,9560,9573,9586,9604,9617,9628,9645,9656,9666,9672,9675,9680,9689,9693,9697,9707,9713,9719,9727,9734,9735,9738,9744,9747,9750,9754,9756,9758,9759,9762,9765,9767,9771,9773,9774,9775,9775,9776,9777,9779,9781,9782,9783,9785,9786,9786,9786,9787,9787,9787,9787,9787,9787,9788,9788,9788,9788,9788,9789,9789,9789,9789,9789,9790,9791,9791,9791,9791,9791,9791,9791,9791,9791,9791,9791,9792,9792,9792,9792,9793,9793,9793,9793,9793,9793,9793,9793,9794,9794,9794,9794,9794,9794,9794,9794,9794,9794,9794,9794,9794,9794,9794,9794,9795,9795,9795,9795,9795,9795,9795,9795,9795,9795,9795,9795,9795,9795,9795,9795,9795,9795,9795,9795,9795,9795,9795,9795,9795,9795,9795,9795,9795,9795,9795,9795,9795,9795,9795,9795,9795,9795,9795,9795,9795,9795,9795,9795,
0,25,45,64,77,96,108,126,141,162,190,208,233,259,283,317,346,389,419,461,505,564,612,683,755,835,913,1017,1109,1207,1313,1430,1560,1686,1829,1949,2094,2215,2330,2476,2647,2825,2975,3155,3349,3527,3672,3844,4006,4170,4332,4513,4693,4841,5004,5157,5320,5481,5645,5795,5961,6123,6257,6387,6546,6680,6802,6922,7051,7174,7303,7411,7503,7624,7721,7818,7915,8030,8117,8197,8262,8333,8398,8468,8536,8597,8652,8713,8767,8825,8876,8924,8972,9011,9063,9120,9160,9204,9247,9299,9338,9385,9413,9456,9492,9531,9565,9597,9620,9655,9696,9723,9746,9764,9794,9810,9834,9860,9875,9890,9907,9926,9945,9962,9979,9995,10005,10022,10034,10047,10059,10075,10084,10098,10105,10115,10125,10130,10137,10143,10151,10155,10161,10169,10172,10175,10179,10182,10186,10189,10192,10196,10201,10202,10204,10210,10210,10212,10216,10218,10219,10221,10221,10225,10226,10226,10227,10228,10229,10230,10230,10231,10231,10231,10233,10233,10233,10233,10233,10233,10233,10233,10235,10235,10235,10235,10235,10236,10236,10236,10236,10236,10236,10236,10236,10236,10236,10236,10236,10236,10236,10236,10236,10236,10236,10236,10236,10236,10236,10236,10236,10236,10236,10236,10236,10236,10236,10236,10237,10237,10237,10237,10237,10237,10237,10237,10237,10237,10237,10237,10237,10237,10237,10237,10237,10237,10237,10237,10237,10237,10237,10237,10237,10237,10237,10237,10237,10237,10237,10237,10237,10237,10237,10237,10237,10237,10237,10237,10237,10237,10237,10237,10237,10237,10237,10237,10237,10237,10237,10237,10237,10237,10237,10237,10237,10237,10237,
0,23,43,58,70,83,106,124,141,171,185,205,237,261,289,329,363,400,444,495,544,604,665,720,793,870,949,1033,1095,1184,1264,1357,1457,1558,1687,1786,1918,2047,2175,2294,2424,2567,2704,2843,2989,3151,3307,3461,3608,3740,3878,4003,4156,4322,4466,4628,4760,4914,5095,5241,5391,5567,5726,5879,6031,6175,6319,6434,6551,6685,6810,6940,7054,7170,7290,7391,7518,7623,7729,7838,7934,8033,8129,8222,8309,8395,8465,8545,8612,8675,8721,8775,8832,8891,8946,9002,9048,9088,9130,9162,9212,9245,9287,9330,9371,9415,9457,9489,9528,9556,9577,9606,9635,9664,9699,9720,9740,9769,9794,9807,9829,9849,9867,9878,9893,9907,9922,9939,9947,9966,9982,9991,10006,10012,10020,10028,10036,10043,10053,10059,10063,10070,10074,10080,10084,10085,10087,10088,10089,10092,10097,10100,10104,10106,10111,10113,10114,10115,10118,10119,10120,10120,10121,10121,10122,10123,10124,10125,10125,10126,10126,10127,10129,10129,10130,10130,10134,10134,10134,10134,10136,10136,10137,10137,10137,10138,10138,10138,10138,10138,10138,10138,10138,10138,10138,10138,10138,10138,10138,10138,10138,10138,10138,10138,10138,10138,10138,10138,10138,10138,10138,10138,10138,10138,10138,10138,10138,10138,10139,10139,10139,10139,10139,10139,10141,10141,10141,10141,10141,10142,10142,10142,10142,10142,10142,10142,10142,10142,10142,10142,10142,10142,10142,10142,10142,10142,10142,10142,10142,10142,10142,10142,10142,10142,10142,10142,10142,10142,10142,10142,10142,10142,10142,10142,10142,10142,10142,10142,10142,10142,10142,10142,10142,10142,10142,10142,10142,10142,10142,10142,10142,10142,10142,10142,10142,10142,10142,10142,10142,10142,10142,10142,10142,10142,10142,10142,10142,10142,
0,32,46,58,71,79,96,118,142,162,184,201,227,266,287,319,350,379,408,434,480,511,553,596,634,687,742,831,895,985,1064,1142,1215,1307,1394,1508,1610,1714,1830,1933,2049,2158,2271,2378,2515,2638,2767,2898,3019,3136,3261,3391,3520,3640,3787,3925,4035,4167,4304,4456,4584,4700,4811,4943,5055,5179,5267,5368,5483,5583,5687,5782,5872,5962,6045,6138,6214,6294,6369,6434,6498,6551,6601,6659,6703,6754,6813,6881,6930,6981,7024,7055,7105,7136,7165,7203,7235,7268,7295,7328,7358,7384,7409,7435,7464,7490,7511,7533,7555,7579,7604,7624,7647,7673,7696,7711,7730,7744,7762,7774,7784,7792,7806,7816,7821,7832,7845,7850,7857,7862,7874,7880,7883,7885,7890,7895,7899,7904,7905,7914,7916,7921,7926,7930,7935,7939,7941,7947,7950,7953,7953,7956,7956,7958,7960,7961,7962,7964,7964,7964,7968,7970,7970,7971,7971,7972,7974,7975,7978,7978,7979,7983,7986,7988,7989,7989,7992,7993,7996,7997,7997,7997,7997,7999,7999,8000,8001,8001,8001,8001,8001,8001,8001,8001,8002,8002,8004,8004,8004,8004,8004,8004,8004,8004,8004,8004,8004,8004,8004,8004,8005,8005,8005,8005,8005,8005,8005,8005,8005,8005,8005,8005,8005,8005,8005,8005,8005,8005,8005,8006,8006,8006,8006,8006,8006,8006,8006,8006,8006,8006,8006,8006,8006,8006,8006,8006,8006,8006,8006,8006,8006,8006,
0,29,48,62,75,85,102,125,141,160,181,208,238,269,312,341,378,426,493,566,642,738,797,866,939,1020,1110,1204,1301,1413,1520,1637,1779,1920,2056,2184,2316,2481,2640,2811,2970,3143,3328,3504,3673,3854,4066,4307,4508,4730,4935,5155,5327,5529,5719,5893,6087,6280,6438,6602,6796,6982,7182,7354,7498,7661,7796,7935,8093,8224,8339,8487,8602,8706,8808,8918,9040,9139,9215,9307,9386,9482,9569,9632,9707,9781,9842,9909,9965,10032,10084,10148,10202,10256,10309,10353,10400,10441,10481,10512,10546,10575,10605,10631,10655,10689,10717,10744,10774,10801,10824,10851,10878,10902,10922,10941,10960,10987,11007,11027,11048,11067,11082,11093,11103,11113,11125,11136,11145,11149,11162,11171,11177,11185,11194,11200,11203,11205,11208,11209,11214,11220,11224,11226,11227,11231,11236,11240,11241,11241,11242,11244,11246,11248,11251,11251,11253,11254,11254,11257,11259,11260,11261,11262,11263,11267,11268,11268,11269,11269,11270,11271,11273,11273,11274,11275,11278,11279,11279,11279,11280,11280,11280,11281,11281,11281,11281,11281,11281,11281,11281,11281,11282,11282,11282,11282,11282,11282,11282,11282,11282,11282,11282,11282,11282,11282,11282,11282,11282,11282,11282,11282,11282,11282,11283,11283,11283,11283,11283,11283,11283,11283,11283,11283,11283,11283,11283,11283,11283,11283,11283,
0,33,49,58,81,89,108,126,139,163,182,195,222,246,277,308,347,385,423,457,499,572,621,686,753,819,897,965,1046,1146,1240,1346,1453,1576,1697,1819,1942,2058,2184,2308,2442,2606,2746,2906,3045,3208,3330,3512,3653,3822,4001,4192,4360,4518,4683,4835,4989,5136,5265,5405,5561,5702,5839,5982,6093,6209,6342,6456,6579,6716,6836,6952,7065,7167,7278,7398,7487,7563,7652,7726,7802,7880,7952,8020,8085,8146,8206,8254,8315,8343,8390,8422,8460,8498,8535,8566,8601,8636,8661,8684,8717,8743,8764,8788,8808,8825,8837,8853,8866,8881,8893,8909,8928,8948,8963,8977,8990,8998,9011,9020,9029,9042,9052,9056,9068,9073,9080,9081,9083,9091,9093,9094,9098,9100,9102,9107,9108,9111,9114,9117,9118,9118,9118,9121,9123,9125,9126,9127,9129,9130,9130,9130,9130,9130,9131,9131,9133,9134,9135,9136,9136,9136,9136,9137,9137,9137,9137,9137,9138,9139,9140,9142,9142,9143,9144,9144,9144,9144,9144,9144,9144,9144,9144,9144,9144,9144,9145,9145,9145,9145,9145,9145,9145,9145,9145,9145,9145,9145,9145,9145,9145,9145,9145,9145,9145,9145,9145,9145,9145,9145,9145,9145,9145,9145,9145,9145,
0,27,42,58,72,90,103,125,150,167,195,225,252,280,315,371,422,472,522,570,627,701,779,865,960,1073,1159,1281,1374,1490,1603,1738,1873,2007,2177,2361,2526,2693,2891,3088,3276,3473,3655,3863,4049,4218,4404,4613,4810,5006,5230,5406,5612,5815,6020,6183,6396,6574,6760,6973,7149,7340,7506,7649,7828,7974,8116,8279,8411,8553,8677,8847,8993,9142,9264,9397,9528,9646,9764,9859,9950,10050,10140,10239,10336,10418,10502,10609,10686,10737,10797,10881,10945,11010,11073,11137,11201,11250,11306,11367,11410,11454,11490,11531,11563,11606,11647,11682,11712,11741,11766,11801,11828,11849,11869,11889,11906,11930,11952,11977,11992,12007,12028,12039,12058,12077,12088,12102,12109,12116,12128,12139,12143,12149,12159,12169,12174,12180,12185,12188,12194,12203,12214,12219,12222,12227,12230,12235,12240,12243,12248,12250,12253,12259,12265,12267,12272,12276,12278,12282,12284,12287,12292,12293,12296,12297,12298,12300,12300,12303,12304,12304,12307,12309,12312,12313,12313,12314,12314,12315,12316,12317,12319,12319,12320,12321,12321,12321,12322,12322,12322,12322,12322,12322,12323,12323,12323,12323,12324,12324,12324,12324,12324,12324,12324,12325,12325,12325,12325,12325,12325,12325,12325,12325,12325,12325,12326,12326,12326,12326,12326,12326,12326,12326,12326,12326,12326,12326,12326,12326,12326,12326,12326,12326,12326,12326,12326,12326,12326,12326,12326,12326,12326,12326,12326,12326,12326,12326,12326,12326,12326,12326,12326,12326,12326,12326,12326,12326,12326,12326,12326,12326,12326,12326,12326,12326,12326,
0,30,45,57,64,78,94,109,126,149,169,188,215,253,284,315,364,405,450,491,536,590,648,709,782,869,957,1054,1162,1267,1369,1489,1605,1730,1892,2036,2183,2341,2505,2668,2837,2987,3161,3340,3548,3738,3926,4125,4322,4529,4723,4899,5093,5289,5475,5669,5847,6023,6214,6376,6532,6693,6858,7021,7165,7325,7474,7622,7763,7900,8027,8144,8260,8366,8482,8591,8708,8800,8899,8985,9087,9167,9250,9323,9400,9480,9544,9629,9693,9751,9814,9873,9943,9998,10049,10094,10124,10171,10204,10252,10297,10331,10354,10392,10425,10455,10485,10508,10541,10561,10588,10617,10637,10646,10657,10673,10684,10701,10716,10733,10754,10766,10779,10785,10798,10810,10820,10826,10836,10840,10847,10854,10856,10863,10866,10870,10873,10876,10879,10883,10888,10891,10892,10894,10896,10900,10902,10903,10905,10907,10909,10912,10913,10915,10915,10918,10919,10919,10919,10920,10921,10922,10922,10923,10925,10925,10925,10926,10926,10929,10931,10931,10931,10931,10933,10933,10933,10934,10934,10936,10936,10937,10938,10938,10938,10938,10938,10938,10938,10939,10939,10939,10939,10939,10941,10941,10941,10942,10942,10942,10942,10942,10942,10942,10942,10942,10942,10944,10944,10944,10944,10944,10945,10945,10945,10945,10945,10945,10945,10945,10945,10945,10945,10945,10945,10945,10945,10945,10945,10945,10945,10945,10945,10945,10945,10945,10945,10945,10945,10945,10945,10945,10945,10945,10945,10945,10945,10945,10945,10945,10945,10945,10945,10945,10945,10945,10945,10945,10945,10945,10945,10945,10945,10945,10945,10945,10945,10945,10945,10945,10945,10945,10945,10945,10945,10945,10945,10945,10945,10945,10945,10945,10945,10945,10945,10945,10945,10945,10945,10945,10945,10945,10945,10945,10945,10945,10945,10945,10945,10945,10945,10945,10945,10945,10945,10945,10945,10945,10945,10945,10945,10945,10945,10945,10945,10945,10945,10945,10945,10945,10945,10945,10945,10945,10945,10945,10945,10945,10945,10945,10945,
0,35,48,66,83,95,111,125,143,158,178,197,223,243,266,308,345,388,415,471,535,583,650,716,796,873,949,1038,1129,1221,1332,1458,1583,1718,1850,1973,2111,2266,2412,2574,2716,2869,3022,3181,3355,3539,3701,3873,4045,4221,4387,4550,4740,4923,5130,5326,5485,5634,5790,5978,6158,6314,6461,6623,6784,6928,7084,7227,7365,7501,7622,7760,7895,8020,8158,8273,8373,8468,8576,8662,8780,8888,8986,9074,9169,9259,9358,9424,9494,9550,9626,9694,9757,9820,9875,9926,9969,10022,10070,10119,10169,10217,10270,10303,10337,10370,10405,10433,10461,10492,10534,10564,10583,10608,10624,10650,10666,10680,10691,10709,10735,10750,10768,10786,10800,10813,10830,10843,10858,10874,10879,10891,10897,10909,10920,10928,10935,10950,10958,10964,10969,10975,10979,10983,10990,10993,10996,11001,11005,11011,11013,11015,11019,11020,11022,11023,11026,11026,11026,11028,11029,11030,11031,11031,11032,11033,11034,11034,11034,11036,11036,11039,11043,11043,11044,11044,11046,11046,11047,11048,11048,11049,11049,11051,11052,11052,11052,11052,11052,11053,11054,11055,11058,11059,11059,11059,11059,11060,11062,11062,11062,11063,11064,11064,11065,11065,11066,11066,11067,11067,11068,11068,11068,11068,11068,11068,11069,11069,11069,11069,11069,11069,11069,11070,11070,11070,11071,11071,11071,11071,11072,11072,11073,11073,11073,11073,11073,11073,11073,11073,11073,11073,11073,11073,11073,11074,11076,11076,11077,11077,11077,11077,11077,11077,11077,11077,11077,11077,11077,11077,11077,11077,11077,11077,11077,11078,11078,11078,11078,11078,11080,
0,28,47,64,75,91,107,132,148,161,177,190,206,229,256,293,329,359,398,430,461,509,545,599,644,694,735,789,851,922,993,1072,1138,1222,1320,1407,1505,1629,1762,1874,2013,2131,2270,2409,2551,2707,2855,3016,3172,3326,3496,3663,3820,3980,4130,4292,4455,4605,4769,4922,5063,5210,5363,5511,5666,5806,5949,6067,6212,6343,6482,6618,6732,6857,6984,7080,7196,7319,7436,7554,7655,7752,7867,7963,8047,8147,8223,8288,8361,8434,8508,8581,8653,8709,8770,8829,8883,8940,8993,9040,9085,9131,9172,9207,9256,9300,9337,9381,9415,9464,9485,9527,9549,9576,9601,9630,9647,9673,9691,9706,9727,9745,9761,9776,9791,9805,9820,9836,9847,9860,9872,9889,9909,9920,9929,9940,9949,9957,9969,9985,9990,9994,10000,10010,10021,10024,10026,10031,10034,10035,10038,10041,10043,10045,10048,10049,10052,10053,10056,10057,10060,10062,10066,10066,10067,10070,10071,10071,10071,10074,10075,10077,10077,10079,10081,10082,10084,10085,10088,10089,10089,10090,10092,10094,10094,10096,10096,10098,10098,10101,10101,10102,10103,10104,10105,10105,10105,10106,10107,10109,10110,10110,10111,10111,10112,10112,10112,10113,10113,10113,10113,10113,10113,10113,10113,10113,10113,10113,10113,10113,10114,10114,10114,10114,10115,10115,10115,10115,10115,10115,10115,10115,10115,10115,10115,10115,10115,10115,10116,10116,10116,10116,10116,10116,10116,10116,10116,10116,10116,10116,10116,10116,10116,10116,10116,10116,10116,10116,10117,10117,10117,10117,10117,10117,10117,10117,10117,10117,10117,10117,10117,10117,10117,10117,10117,10117,10117,10117,10117,10117,10117,10117,10117,10117,10117,
0,23,40,61,74,88,113,140,153,178,203,228,259,282,312,337,374,405,454,501,544,594,650,723,791,862,925,990,1071,1169,1273,1370,1477,1588,1730,1865,2002,2148,2297,2431,2568,2709,2865,3035,3199,3376,3554,3716,3885,4040,4207,4383,4561,4751,4925,5105,5313,5479,5648,5817,5984,6160,6335,6494,6671,6812,6951,7089,7236,7384,7538,7672,7788,7909,8029,8151,8262,8343,8423,8519,8615,8697,8779,8871,8953,9046,9110,9171,9242,9304,9372,9428,9487,9547,9601,9663,9721,9776,9823,9876,9912,9956,10001,10039,10075,10108,10139,10168,10201,10231,10259,10282,10298,10322,10340,10363,10377,10396,10406,10423,10432,10439,10453,10466,10479,10491,10499,10508,10519,10527,10536,10539,10545,10552,10556,10562,10563,10567,10574,10578,10581,10586,10588,10590,10592,10598,10600,10603,10604,10605,10607,10608,10610,10612,10615,10615,10615,10617,10617,10620,10622,10625,10626,10628,10632,10632,10636,10636,10636,10638,10638,10638,10639,10640,10642,10644,10644,10644,10645,10646,10646,10646,10646,10646,10647,10648,10649,10649,10650,10650,10650,10650,10650,10650,10650,10650,10650,10650,10650,10650,10650,10650,10650,10651,10651,10651,10651,10651,10651,10651,10651,10652,10652,10652,10652,10652,10652,10652,10652,10652,10653,10653,10653,10653,10653,10653,10653,10653,10653,10653,10653,10653,10653,10653,10653,
0,34,52,67,84,92,105,120,138,154,165,176,201,225,244,279,304,348,376,408,444,495,533,584,649,715,770,841,935,1016,1103,1189,1270,1377,1483,1605,1716,1838,1944,2068,2203,2344,2469,2599,2755,2934,3093,3250,3415,3603,3762,3930,4117,4283,4445,4611,4789,4943,5115,5273,5451,5610,5764,5921,6087,6228,6383,6538,6670,6789,6911,7037,7167,7304,7415,7524,7636,7727,7834,7937,8040,8131,8218,8325,8401,8495,8566,8645,8723,8800,8880,8946,8997,9059,9108,9150,9208,9260,9300,9346,9377,9415,9453,9495,9531,9564,9597,9641,9666,9695,9719,9744,9758,9785,9809,9833,9858,9876,9892,9909,9926,9940,9955,9961,9973,9981,9992,10001,10017,10027,10035,10041,10044,10055,10062,10067,10070,10076,10081,10084,10089,10095,10102,10104,10108,10112,10114,10115,10118,10123,10127,10129,10131,10133,10133,10137,10141,10142,10142,10144,10145,10147,10148,10149,10150,10154,10154,10156,10158,10159,10160,10160,10161,10162,10162,10162,10162,10163,10163,10163,10164,10166,10167,10167,10167,10167,10167,10167,10167,10168,10169,10169,10169,10169,10169,10169,10169,10169,10169,10169,10169,10169,10169,10169,10169,10169,10169,10169,10169,10169,10169,10169,10169,10170,10170,10170,10170,10170,10170,10170,10170,10170,10170,10170,10170,10170,10170,10170,10170,10170,10170,10170,10170,10170,10170,10170,10170,10170,10170,10170,10170,10170,10170,10170,10170,10170,10170,10170,10170,10170,
0,28,46,57,65,79,96,108,130,152,166,196,228,269,303,335,376,415,474,519,570,629,701,759,824,901,964,1028,1125,1197,1283,1376,1489,1607,1709,1845,1970,2106,2254,2406,2557,2725,2889,3040,3205,3400,3568,3717,3896,4082,4283,4465,4651,4843,5046,5212,5392,5571,5731,5912,6072,6257,6428,6583,6756,6919,7101,7259,7410,7580,7719,7880,8019,8138,8269,8382,8491,8592,8701,8795,8894,8977,9053,9143,9223,9296,9372,9447,9505,9545,9596,9654,9708,9765,9821,9862,9918,9958,10000,10033,10066,10093,10126,10166,10205,10251,10276,10312,10338,10368,10397,10421,10440,10469,10492,10510,10530,10545,10559,10574,10587,10608,10626,10639,10657,10669,10684,10703,10720,10739,10752,10764,10776,10788,10804,10814,10826,10835,10845,10855,10867,10878,10882,10891,10895,10901,10910,10918,10924,10931,10935,10943,10947,10950,10954,10958,10960,10965,10970,10974,10978,10978,10979,10980,10981,10985,10985,10990,10993,10994,10997,10998,10999,11001,11001,11001,11002,11005,11006,11006,11009,11009,11010,11010,11010,11012,11014,11016,11016,11017,11018,11019,11020,11022,11022,11023,11025,11025,11025,11026,11027,11027,11027,11028,11029,11030,11031,11032,11032,11033,11034,11034,11035,11035,11035,11035,11036,11036,11036,11036,11036,11036,11036,11036,11036,11036,11036,11036,11036,11036,11036,11036,11036,11036,11036,11036,11036,11036,11036,11036,11036,11036,11036,11036,11036,11036,11036,11036,11036,11036,11036,11036,11036,11036,11036,11036,11036,11036,11036,11036,
0,28,38,51,66,82,92,104,115,142,160,180,208,224,259,298,329,355,383,421,460,503,558,613,678,726,795,873,950,1035,1126,1212,1318,1420,1528,1650,1772,1890,2016,2138,2273,2422,2572,2742,2895,3044,3198,3384,3549,3716,3874,4040,4208,4380,4554,4703,4846,4986,5139,5275,5422,5568,5712,5858,6021,6160,6288,6442,6564,6692,6790,6914,7039,7164,7266,7370,7463,7592,7690,7794,7887,7985,8066,8147,8218,8300,8383,8464,8528,8587,8648,8709,8754,8826,8888,8945,8992,9038,9088,9130,9180,9215,9251,9284,9322,9354,9388,9423,9442,9457,9481,9509,9534,9551,9573,9580,9595,9611,9624,9641,9651,9660,9673,9686,9692,9701,9707,9715,9722,9732,9740,9747,9750,9758,9767,9772,9774,9779,9780,9786,9792,9793,9794,9794,9798,9799,9799,9801,9802,9803,9805,9806,9807,9810,9811,9811,9812,9815,9815,9815,9817,9817,9818,9820,9821,9821,9823,9824,9824,9824,9825,9825,9825,9826,9826,9826,9827,9827,9829,9829,9830,9832,9832,9832,9832,9832,9833,9833,9834,9834,9834,9835,9835,9835,9835,9835,9835,9835,9835,9835,9835,9835,9835,9835,9835,9835,9835,9835,9835,9835,9835,9835,9835,9835,9835,9835,9835,9836,9836,9836,9837,9837,9837,9837,9837,9837,9837,9837,9837,9837,9837,9837,9837,9837,9837,9837,9837,9837,9837,9837,9837,9837,9837,9837,9837,9837,9837,9837,9837,9837,9837,9837,9837,9837,9837,9837,9837,9837,9837,9837,9837,9837,9837,9837,9837,9837,9837,9837,9837,9837,9837,9837,9837,9837,9837,9837,9837,9837,9837,9837,9837,9837,9837,9837,9837,9837,9837,9837,9837,9837,9837,9837,9837,9837,9837,9837,9837,9837,9837,9837,9837,9837,9837,9837,9837,9837,9837,9837,9837,9837,9837,9837,9837,9837,9837,9837,9837,9837,9837,9837,9837,9837,9837,9837,9837,9837,9837,9837,9837,9837,9837,9837,9837,9837,
0,27,42,50,71,82,107,120,134,157,172,202,232,256,275,303,333,373,406,438,481,522,571,634,696,762,836,905,980,1077,1175,1271,1375,1469,1579,1706,1835,1971,2099,2236,2379,2539,2704,2865,3025,3195,3352,3548,3738,3910,4083,4268,4427,4644,4830,5035,5254,5408,5579,5758,5929,6094,6245,6406,6561,6741,6900,7039,7186,7327,7447,7566,7699,7828,7957,8085,8208,8309,8444,8530,8620,8717,8800,8897,8979,9051,9134,9205,9283,9336,9411,9480,9537,9597,9655,9711,9768,9832,9877,9922,9964,9998,10043,10081,10116,10153,10194,10230,10264,10311,10340,10373,10407,10433,10473,10499,10527,10551,10572,10596,10615,10635,10658,10695,10714,10736,10754,10773,10787,10810,10826,10844,10858,10870,10882,10888,10903,10914,10926,10929,10939,10950,10959,10968,10973,10977,10988,10991,10999,11004,11008,11014,11015,11020,11024,11028,11032,11035,11044,11047,11050,11053,11053,11054,11057,11062,11063,11065,11066,11067,11067,11068,11070,11073,11074,11074,11076,11078,11078,11078,11078,11078,11078,11079,11080,11080,11081,11081,11083,11084,11085,11085,11085,11085,11086,11086,11086,11086,11087,11087,11088,11088,11088,11088,11088,11088,11088,11088,11089,11089,11089,11090,11090,11090,11092,11092,11092,
0,31,50,60,74,87,98,108,121,131,150,165,188,211,234,261,291,333,374,408,447,494,550,606,678,735,818,882,962,1044,1133,1219,1291,1386,1492,1572,1687,1806,1914,2031,2149,2269,2382,2507,2637,2764,2899,3035,3169,3334,3464,3595,3779,3935,4086,4226,4369,4501,4667,4841,5004,5171,5319,5466,5603,5747,5901,6063,6201,6340,6479,6603,6727,6853,6977,7084,7184,7290,7388,7483,7576,7661,7727,7808,7884,7960,8035,8091,8152,8222,8282,8357,8410,8464,8517,8568,8616,8664,8714,8758,8812,8862,8893,8933,8964,9007,9043,9078,9118,9153,9177,9205,9236,9265,9294,9316,9344,9373,9396,9415,9429,9447,9467,9483,9506,9519,9536,9549,9564,9573,9587,9597,9608,9617,9631,9639,9644,9653,9664,9672,9679,9688,9694,9699,9703,9707,9717,9723,9731,9735,9739,9745,9751,9755,9758,9765,9773,9778,9779,9781,9786,9791,9791,9793,9797,9800,9802,9805,9809,9810,9811,9816,9816,9818,9818,9818,9822,9823,9825,9827,9827,9827,9828,9828,9832,9832,9832,9833,9833,9833,9833,9834,9834,9835,9837,9837,9837,9837,9838,9839,9840,9840,9840,9840,9840,9840,9841,9841,9842,9842,9843,9843,9843,9843,9843,9843,9843,9844,9844,9844,9844,9844,9844,9844,9845,9845,9845,9845,9845,9845,9845,9845,9845,9845,9845,9845,9845,9845,9845,9845,9845,9845,9845,9845,9845,9845,9845,9845,9845,9845,9845,9845,9845,9845,9845,
0,31,42,55,72,95,118,147,167,193,217,249,283,307,352,383,429,467,512,573,613,675,743,813,880,952,1046,1139,1234,1341,1440,1545,1655,1774,1903,2030,2158,2300,2436,2595,2745,2916,3093,3256,3404,3559,3722,3881,4051,4208,4406,4582,4758,4932,5099,5295,5447,5633,5809,5995,6156,6333,6487,6662,6840,6979,7119,7258,7403,7533,7656,7783,7900,8004,8107,8211,8319,8439,8533,8634,8732,8815,8926,9017,9100,9172,9239,9297,9371,9431,9502,9563,9615,9668,9729,9768,9814,9853,9891,9936,9980,10013,10048,10077,10107,10125,10153,10178,10209,10232,10250,10269,10286,10300,10318,10332,10356,10362,10376,10391,10409,10418,10428,10441,10453,10460,10465,10478,10489,10505,10520,10528,10531,10538,10540,10549,10553,10558,10561,10563,10566,10571,10573,10576,10580,10582,10585,10587,10588,10591,10593,10599,10601,10601,10601,10603,10604,10606,10608,10609,10610,10610,10611,10613,10613,10614,10616,10616,10617,10620,10621,10621,10621,10622,10622,10623,10623,10624,10626,10628,10628,10630,10632,10632,10632,10634,10635,10635,10635,10636,10636,10636,10636,10636,10636,10636,10636,10636,10636,10636,10636,10636,10636,10636,10636,10636,10636,10636,10636,10636,10636,10636,10636,10636,10637,10637,10637,10638,10638,10638,10638,10638,10638,10638,10639,10639,10639,10639,10639,10639,10639,10639,10640,10640,10640,10640,10640,10640,10640,10640,10640,10640,10640,10640,10640,10640,10640,10640,10640,10640,10640,10640,10640,
0,27,46,61,71,83,105,128,140,153,169,197,219,243,265,295,327,365,405,437,482,531,593,644,696,750,830,915,1001,1085,1182,1293,1417,1523,1626,1744,1876,2027,2175,2312,2469,2616,2789,2966,3135,3311,3505,3700,3884,4052,4257,4460,4630,4824,5019,5198,5382,5550,5734,5899,6069,6242,6420,6626,6776,6967,7174,7333,7497,7667,7805,7977,8120,8279,8413,8555,8678,8800,8901,9034,9131,9251,9355,9442,9527,9623,9707,9778,9852,9939,10015,10070,10119,10183,10234,10283,10338,10388,10421,10458,10498,10536,10577,10612,10658,10687,10712,10738,10771,10802,10820,10849,10868,10886,10914,10927,10940,10956,10973,10992,11007,11021,11031,11046,11061,11069,11077,11084,11090,11096,11104,11110,11111,11121,11130,11137,11141,11148,11151,11153,11154,11155,11162,11166,11167,11168,11171,11173,11175,11181,11181,11184,11185,11187,11190,11191,11193,11195,11197,11200,11201,11202,11203,11205,11207,11207,11208,11208,11212,11213,11213,11213,11214,11215,11215,11215,11215,11215,11215,11216,11217,11218,11218,11218,11219,11219,11219,11219,11219,11219,11219,11219,11220,11221,11222,11222,11222,11222,11222,11222,11222,11222,11222,11222,11222,11222,11222,11222,11222,11222,11222,11222,11222,11222,11222,11222,11222,11222,11222,11222,11222,11222,11222,11222,11222,11222,11222,11222,11222,11222,11222,11222,11222,11222,11222,11222,11222,11222,11222,11222,11222,11222,11222,11222,11222,
0,27,45,55,69,91,110,119,137,154,178,201,227,267,293,318,363,410,445,484,545,603,649,715,776,858,932,1002,1086,1166,1249,1348,1447,1569,1679,1809,1915,2034,2178,2322,2463,2595,2727,2876,3018,3168,3302,3451,3601,3752,3889,4037,4206,4347,4490,4642,4792,4933,5066,5223,5362,5495,5629,5766,5903,6056,6192,6312,6416,6538,6645,6755,6880,6987,7091,7185,7274,7350,7419,7508,7589,7673,7754,7824,7868,7925,7999,8043,8097,8147,8195,8244,8282,8327,8363,8391,8423,8454,8494,8533,8566,8595,8619,8638,8663,8681,8706,8725,8743,8765,8781,8791,8806,8820,8836,8850,8863,8872,8880,8903,8913,8920,8923,8933,8936,8942,8948,8960,8966,8976,8983,8985,8986,8991,8996,8998,9002,9006,9011,9015,9017,9019,9023,9026,9029,9031,9035,9037,9039,9042,9042,9042,9045,9050,9052,9055,9055,9056,9058,9058,9059,9059,9062,9063,9064,9064,9064,9065,9065,9066,9068,9069,9070,9070,9070,9070,9070,9074,9075,9077,9078,9079,9079,9079,9080,9080,9081,9081,9081,9082,9082,9082,9082,9083,9083,9084,9084,9084,9084,9084,9084,9084,9085,9085,9085,9085,9085,9085,9085,9085,9085,9085,9085,9085,9085,9086,9086,9086,9086,9086,9086,9086,9086,9086,9086,9086,9086,9086,9086,9086,9086,9086,9086,9086,9086,9086,9086,9086,9086,9086,9086,9086,9086,9086,9086,9086,9086,9086,9086,9086,9086,9086,9086,9086,9086,9086,9086,9086,9086,9086,9086,9086,9086,9086,9086,9086,9086,9086,9086,9086,9086,9086,9086,9086,9086,9086,9086,9086,9086,9086,9086,9086,9086,9086,9086,9086,9086,9086,9086,9086,9086,9086,9086,9086,9086,9086,9086,9086,9086,9086,9086,9086,9086,9086,9086,9086,9086,9086,9086,9086,9086,9086,9086,9086,9086,9086,9086,9086,9086,9086,9086,9086,9086,9086,9086,9086,9086,9086,9086,9086,9086,9086,9086,9086,
0,33,46,62,75,91,102,123,146,161,179,200,215,254,290,326,356,402,444,506,555,610,674,733,811,886,961,1064,1175,1274,1386,1497,1641,1779,1902,2054,2190,2362,2529,2709,2883,3050,3213,3395,3565,3738,3911,4083,4204,4381,4544,4695,4857,5035,5180,5362,5511,5674,5836,5993,6112,6268,6395,6524,6657,6772,6892,7002,7099,7202,7281,7368,7456,7533,7591,7663,7723,7799,7862,7931,7982,8032,8086,8118,8174,8231,8264,8297,8324,8361,8385,8416,8459,8486,8506,8526,8555,8570,8588,8605,8627,8642,8656,8679,8694,8713,8729,8746,8758,8765,8776,8784,8788,8798,8804,8816,8820,8827,8836,8839,8846,8857,8861,8865,8872,8874,8879,8882,8889,8891,8894,8897,8898,8901,8906,8908,8913,8915,8916,8918,8919,8920,8920,8921,8921,8922,8925,8925,8925,8929,8929,8929,8930,8930,8930,8931,8933,8934,8934,8936,8936,8936,8936,8936,8936,8938,8938,8938,8938,8938,8938,8939,8939,8939,8939,8939,8939,8939,8939,8939,8939,8940,8940,8940,8940,8941,8941,8941,8941,8942,8942,8942,8942,8942,8942,8942,8943,8943,8943,8943,8943,8943,8943,8943,8943,8944,8944,8944,8944,8946,8946,8946,8946,8946,8947,8947,8948,8948,8948,8948,8948,8948,8949,8949,8950,8951,8951,8952,8952,8952,8952,8952,8952,8952,8952,8952,8952,8952,8952,8952,8952,8952,
0,29,50,66,84,99,113,130,156,177,203,228,257,292,330,365,402,456,515,575,639,719,794,858,945,1025,1113,1204,1331,1431,1546,1661,1764,1906,2044,2178,2330,2493,2660,2818,2970,3124,3286,3454,3619,3795,3982,4166,4364,4554,4730,4894,5071,5235,5401,5564,5724,5887,6043,6186,6332,6495,6678,6840,6992,7142,7271,7406,7555,7695,7813,7920,8049,8172,8282,8404,8520,8614,8715,8811,8898,9007,9101,9181,9256,9332,9408,9474,9541,9620,9689,9744,9806,9863,9912,9973,10014,10054,10100,10152,10193,10234,10275,10309,10348,10385,10419,10454,10479,10503,10527,10547,10571,10596,10625,10645,10671,10694,10714,10739,10757,10776,10794,10814,10829,10841,10856,10868,10884,10899,10912,10925,10934,10946,10958,10969,10975,10983,10989,10995,10999,11004,11008,11012,11016,11020,11021,11024,11030,11032,11034,11034,11034,11037,11040,11041,11044,11048,11049,11052,11053,11055,11055,11055,11056,11058,11059,11059,11059,11060,11061,11061,11061,11062,11062,11062,11062,11062,11063,11063,11063,11063,11063,11063,11063,11063,11064,11064,11064,11064,11064,11064,11064,11064,11064,11064,11064,11064,11064,11064,11064,11064,11064,11064,11064,11064,11064,11064,11064,11064,11064,11064,11064,11064,11064,11064,11064,11064,11064,11064,11064,11064,11064,11064,11064,11064,11064,11064,11064,11064,11064,11064,11064,11064,11064,11064,11064,11064,11064,
0,24,41,52,69,85,106,125,135,158,175,203,230,268,307,341,375,404,437,480,521,579,638,695,763,836,927,1026,1121,1208,1297,1395,1501,1603,1715,1817,1944,2078,2227,2373,2536,2693,2865,2999,3161,3316,3495,3663,3835,3996,4164,4319,4463,4614,4769,4944,5090,5230,5371,5536,5675,5807,5957,6087,6214,6340,6464,6617,6734,6849,6990,7106,7212,7324,7420,7524,7619,7704,7771,7853,7954,8028,8120,8218,8303,8378,8459,8532,8614,8678,8735,8798,8866,8922,8980,9044,9092,9153,9201,9245,9295,9345,9384,9415,9466,9509,9540,9572,9605,9641,9671,9696,9727,9755,9783,9799,9821,9841,9861,9880,9900,9915,9928,9935,9944,9964,9981,9999,10019,10037,10040,10052,10065,10075,10086,10102,10107,10111,10122,10125,10133,10134,10137,10142,10148,10151,10159,10164,10174,10183,10185,10188,10192,10199,10203,10204,10206,10208,10210,10212,10214,10216,10220,10220,10221,10223,10223,10223,10223,10224,10224,10224,10227,10227,10227,10228,10229,10230,10231,10232,10235,10235,10235,10235,10235,10235,10235,10235,10235,10235,10235,10236,10236,10236,10236,10236,10236,10236,10236,10236,10237,10238,10238,10238,10238,10238,10238,10238,10238,10238,10238,10238,10238,10238,10238,10238,10238,10238,10238,10238,10238,10238,10238,10238,10238,10238,10238,10238,10238,10238,10238,10238,10238,10238,10238,10238,10238,10238,10238,10238,10238,10238,10238,10238,10238,10238,10238,10238,10238,10238,10238,10238,10238,10238,10238,10238,10238,10238,10238,10238,10238,10238,10238,10238,10238,10238,10238,10238,10238,10238,10238,10238,10238,10238,10238,10238,10238,10238,10238,10238,10238,10238,10238,10238,10238,10238,10238,10238,10238,10238,10238,10238,10238,10238,10238,10238,
0,28,49,62,72,91,118,138,166,195,225,247,278,301,339,375,421,476,517,570,623,670,734,793,859,939,1010,1097,1198,1306,1409,1513,1629,1761,1896,2014,2144,2274,2430,2574,2739,2913,3078,3255,3452,3618,3798,3969,4157,4341,4518,4695,4883,5074,5247,5424,5604,5775,5954,6109,6242,6384,6529,6661,6805,6955,7101,7239,7354,7459,7568,7671,7781,7875,7951,8051,8115,8181,8260,8330,8403,8451,8520,8576,8627,8664,8713,8758,8810,8846,8901,8930,8980,9003,9040,9074,9111,9131,9157,9196,9224,9250,9277,9295,9314,9339,9361,9374,9387,9400,9414,9421,9440,9456,9460,9468,9477,9482,9491,9497,9508,9515,9518,9521,9528,9536,9546,9553,9558,9561,9567,9569,9570,9571,9578,9580,9582,9585,9586,9588,9590,9591,9591,9591,9592,9594,9595,9597,9599,9600,9600,9600,9602,9602,9603,9604,9604,9604,9605,9605,9606,9606,9608,9608,9608,9609,9609,9609,9609,9609,9609,9609,9609,9609,9609,9609,9610,9610,9611,9611,9611,9611,9611,9611,9611,9612,9612,9613,9614,9614,9615,9615,9615,9615,9616,9616,9616,9616,9616,9616,9616,9616,9616,9616,9616,9616,9616,9616,9616,9616,9616,9616,9616,9616,9616,9616,9616,9616,9616,9616,9616,9616,9616,9616,9616,9616,9616,9616,9616,9616,9616,9616,9616,9616,9616,9616,9616,9616,9616,9616,9616,9616,9616,9616,9616,9616,9616,9616,9616,9616,9616,9616,9616,9616,9616,9616,9617,9617,9617,9617,9617,9617,9617,9617,9617,9617,9617,9617,9617,9617,
0,35,44,56,66,78,96,111,124,156,180,215,242,280,323,361,408,462,507,563,631,704,785,877,970,1058,1156,1260,1365,1485,1622,1754,1885,2018,2148,2275,2437,2608,2797,2964,3143,3306,3482,3670,3855,4041,4207,4405,4596,4791,4984,5182,5390,5569,5769,5936,6094,6263,6439,6621,6775,6929,7092,7212,7369,7526,7666,7781,7909,8032,8142,8268,8370,8480,8611,8724,8828,8904,8999,9097,9182,9262,9335,9424,9510,9582,9658,9728,9788,9844,9902,9969,10018,10078,10121,10170,10222,10271,10309,10352,10389,10416,10446,10488,10516,10550,10585,10607,10632,10654,10679,10699,10730,10747,10767,10787,10801,10815,10827,10832,10845,10852,10864,10875,10881,10892,10900,10913,10918,10921,10927,10932,10938,10943,10944,10948,10957,10961,10963,10967,10968,10972,10977,10981,10985,10991,10994,10997,10999,11000,11003,11006,11009,11015,11017,11020,11021,11021,11022,11022,11024,11025,11028,11028,11029,11029,11030,11031,11033,11035,11036,11036,11036,11037,11038,11038,11038,11038,11039,11039,11040,11042,11042,11043,11043,11043,11045,11045,11045,11045,11047,11047,11048,11048,11048,11048,11048,11048,11048,11048,11048,11049,11050,11051,11051,11051,11051,11051,11052,11052,11052,11052,11052,11052,11052,11052,11052,11052,11052,11052,11052,11052,11052,11052,11052,11052,11052,11052,11053,11053,11053,11053,11053,11053,11053,11053,11053,11053,11053,11053,11053,11053,11053,11053,11053,11053,11053,11053,11053,11053,11053,11053,11053,11053,11053,11053,11053,11053,11053,11053,
0,29,45,54,67,82,95,114,133,152,182,205,230,257,288,325,364,400,448,500,545,597,668,723,789,867,930,1014,1104,1206,1289,1392,1519,1624,1767,1895,2019,2170,2331,2479,2621,2768,2950,3107,3276,3439,3605,3774,3940,4110,4285,4457,4600,4804,4969,5157,5310,5473,5627,5782,5943,6111,6247,6400,6543,6662,6805,6932,7079,7229,7343,7459,7600,7729,7841,7952,8061,8168,8296,8384,8499,8585,8674,8766,8845,8908,8984,9056,9125,9187,9247,9308,9354,9415,9456,9491,9528,9575,9618,9657,9682,9709,9738,9775,9790,9816,9834,9855,9875,9889,9902,9921,9935,9956,9971,9978,9988,10008,10018,10030,10037,10041,10047,10058,10066,10072,10080,10086,10092,10096,10099,10105,10108,10114,10115,10122,10123,10127,10131,10137,10141,10143,10144,10144,10149,10151,10153,10155,10157,10160,10162,10164,10165,10168,10168,10171,10172,10172,10175,10175,10175,10176,10176,10176,10178,10178,10178,10178,10178,10178,10179,10180,10180,10181,10181,10181,10181,10181,10181,10181,10181,10182,10182,10182,10182,10182,10182,10182,10182,10182,10183,10183,10183,10183,10183,10183,10183,10183,10183,10183,10183,10183,10183,10183,10183,10183,10183,10183,10183,10183,10183,10183,10183,10183,10183,10184,10184,10184,10184,10184,10184,10184,10184,10184,10184,10184,10184,10184,10184,10184,10184,10184,10184,10184,10184,10184,10184,10184,10184,10184,10184,10184,10184,10184,
0,33,51,62,82,95,103,113,132,156,174,187,214,250,278,310,335,379,417,457,496,536,583,637,695,765,819,878,955,1025,1089,1169,1242,1322,1415,1506,1615,1719,1847,1961,2070,2181,2298,2441,2572,2696,2818,2947,3076,3222,3362,3498,3658,3800,3951,4126,4298,4470,4645,4796,4948,5099,5250,5401,5527,5665,5778,5905,6050,6168,6300,6422,6522,6626,6730,6851,6949,7042,7138,7207,7296,7380,7456,7529,7604,7676,7737,7807,7871,7919,7972,8030,8083,8147,8190,8244,8286,8324,8355,8408,8451,8476,8507,8539,8572,8601,8623,8646,8673,8705,8726,8745,8758,8779,8806,8819,8833,8845,8859,8877,8899,8918,8931,8945,8959,8976,8982,8994,9010,9027,9037,9041,9050,9061,9080,9093,9096,9101,9106,9119,9139,9150,9158,9165,9172,9173,9179,9184,9188,9196,9202,9207,9214,9219,9222,9227,9234,9237,9246,9252,9259,9259,9262,9267,9270,9271,9273,9274,9279,9284,9286,9289,9290,9295,9297,9298,9299,9300,9302,9302,9304,9306,9306,9306,9308,9309,9310,9310,9310,9311,9313,9314,9316,9319,9320,9321,9324,9324,9325,9325,9327,9327,9328,9330,9331,9331,9332,9332,9333,9334,9334,9334,9334,9334,9334,9334,9335,9335,9335,9335,9335,9335,9335,9335,9335,9335,9336,9336,9338,9338,9338,9339,9339,9339,9339,9339,9339,9339,9339,9339,9339,9339,9340,9340,9340,9341,9341,9341,9341,9342,9342,9342,9342,9342,9342,9342,9342,9342,9342,9342,9342,9342,9342,9342,9342,9342,9342,9342,9342,9342,9342,9342,9342,9342,9342,
0,32,52,63,73,86,97,118,131,149,166,184,209,234,256,286,312,333,364,394,440,477,518,553,588,641,711,769,834,909,979,1039,1102,1192,1266,1356,1463,1579,1705,1828,1939,2061,2170,2280,2420,2546,2691,2823,2965,3102,3250,3397,3536,3693,3840,4002,4152,4310,4450,4612,4757,4899,5069,5210,5338,5489,5625,5759,5924,6070,6190,6323,6444,6570,6678,6797,6917,7013,7121,7237,7334,7421,7522,7607,7682,7757,7836,7914,7977,8038,8100,8155,8217,8272,8335,8379,8415,8449,8495,8530,8576,8611,8644,8673,8699,8730,8756,8780,8804,8827,8842,8856,8879,8892,8908,8921,8935,8947,8961,8974,8983,8993,9003,9014,9022,9032,9042,9053,9058,9062,9068,9075,9080,9085,9089,9093,9096,9104,9108,9113,9116,9118,9122,9123,9128,9132,9133,9134,9137,9138,9138,9139,9141,9141,9142,9143,9147,9148,9149,9150,9150,9151,9152,9153,9154,9154,9155,9156,9156,9158,9158,9158,9158,9158,9160,9160,9160,9161,9161,9161,9162,9162,9162,9162,9162,9162,9162,9162,9162,9162,9162,9162,9162,9162,9162,9162,9162,9162,9162,9162,9162,9162,9162,9162,9162,9162,9162,9162,9162,9162,9162,9162,9162,9162,9162,9162,9162,9162,9162,9162,9162,9162,9162,9163,9163,9163,9163,9163,9163,9163,9163,9163,9163,9163,9163,9163,9163,9163,9163,9163,9163,9163,9163,9163,9163,9163,9163,9163,9163,9163,9163,9163,9163,9163,9163,9163,9163,9163,9163,9163,9163,9163,9163,9163,9163,9163,9163,9163,9163,9163,9163,9163,9163,9163,9163,9163,9163,9163,9163,9163,9163,9163,9163,9163,9163,9163,9163,9163,9163,9163,9163,9163,9163,9163,9163,9163,9163,9163,9163,9163,9163,9163,
0,24,41,52,65,75,95,110,121,141,159,188,211,241,266,295,330,366,402,434,471,507,566,624,686,746,809,891,959,1045,1131,1219,1328,1436,1532,1637,1745,1873,1984,2111,2262,2407,2558,2708,2868,3028,3198,3376,3557,3727,3902,4108,4295,4499,4697,4895,5103,5282,5468,5651,5828,6000,6181,6378,6565,6734,6874,7036,7182,7316,7461,7595,7713,7840,7983,8096,8217,8330,8435,8538,8650,8752,8859,8932,9033,9110,9193,9283,9356,9438,9510,9571,9636,9683,9739,9793,9841,9881,9925,9967,10012,10054,10095,10132,10159,10174,10196,10220,10246,10282,10299,10314,10341,10359,10372,10387,10409,10428,10449,10460,10473,10479,10483,10495,10506,10522,10532,10540,10546,10557,10563,10572,10579,10588,10594,10596,10600,10604,10610,10615,10619,10621,10625,10626,10631,10633,10634,10637,10639,10639,10641,10644,10647,10649,10651,10652,10654,10654,10656,10659,10662,10662,10663,10667,10668,10670,10670,10670,10670,10670,10672,10674,10674,10675,10676,10676,10676,10677,10677,10677,10677,10677,10677,10677,10678,10678,10679,10679,10679,10680,10680,10680,10680,10680,10680,10680,10681,10682,10683,10683,10683,10683,10683,10683,10683,10683,10685,10685,10685,10685,10685,10685,10685,10686,10686,10686,10686,10686,10686,10686,10686,10686,10687,10687,10687,10687,10687,10687,10687,10687,10687,10687,10687,10687,10687,10687,10687,10687,10687,10687,10687,10687,10687,10687,10687,10687,10687,10687,10687,10687,10687,10687,10687,10687,10687,10687,10687,10687,10687,10687,10687,10687,10687,10687,10687,10687,10687,10687,10687,10687,10687,10687,10687,10687,10687,10687,10687,10687,10687,10687,10687,10687,10687,10687,10687,
0,30,46,61,80,99,115,132,149,166,190,220,249,279,307,339,372,402,439,476,525,569,622,683,738,811,874,952,1027,1119,1209,1308,1401,1526,1654,1762,1899,2026,2164,2317,2475,2643,2794,2945,3095,3276,3467,3629,3811,3962,4168,4352,4548,4745,4918,5077,5250,5420,5598,5786,5970,6142,6302,6471,6629,6776,6955,7113,7276,7433,7580,7718,7853,7983,8117,8256,8380,8483,8615,8722,8828,8941,9042,9139,9245,9332,9412,9484,9559,9630,9703,9771,9827,9891,9946,10001,10048,10095,10127,10163,10210,10253,10300,10328,10359,10392,10426,10443,10462,10474,10490,10505,10526,10546,10559,10579,10593,10612,10621,10631,10644,10649,10660,10670,10682,10695,10701,10709,10715,10719,10723,10729,10736,10739,10741,10747,10753,10758,10761,10764,10765,10770,10770,10775,10778,10780,10783,10785,10787,10788,10790,10792,10793,10793,10795,10795,10798,10800,10800,10800,10801,10802,10802,10806,10806,10806,10807,10808,10808,10809,10809,10810,10810,10811,10812,10812,10812,10812,10813,10813,10813,10813,10813,10814,10814,10814,10815,10815,10815,10815,10816,10816,10816,10816,10816,10818,10818,10818,10818,10819,10819,10819,10819,10819,10819,10819,10819,10819,10819,10819,10819,10819,10819,10819,10819,10819,10819,10819,10819,10819,10819,10819,10819,10819,10819,10819,10819,10819,10819,10819,10819,10819,10819,10819,10819,10819,10819,10819,10819,10819,10819,
0,29,51,62,79,96,115,138,154,174,195,225,258,292,327,362,401,441,477,525,588,652,717,789,856,939,1023,1114,1206,1299,1397,1494,1605,1735,1851,1969,2083,2221,2362,2512,2633,2766,2893,3062,3194,3351,3503,3647,3794,3949,4090,4223,4368,4509,4663,4807,4959,5120,5258,5396,5518,5653,5775,5886,6025,6162,6274,6402,6516,6642,6756,6872,6979,7080,7191,7288,7393,7497,7576,7665,7747,7837,7927,8002,8073,8140,8208,8273,8333,8386,8448,8504,8567,8620,8678,8739,8779,8826,8872,8914,8958,8996,9037,9068,9098,9131,9158,9188,9213,9240,9268,9293,9312,9333,9366,9386,9402,9423,9440,9452,9462,9478,9493,9503,9515,9522,9533,9545,9552,9574,9581,9589,9595,9603,9612,9620,9629,9635,9648,9654,9661,9665,9670,9676,9680,9690,9694,9699,9703,9708,9713,9717,9720,9726,9728,9732,9732,9736,9738,9740,9741,9742,9742,9746,9747,9748,9748,9749,9749,9749,9750,9751,9753,9753,9755,9755,9755,9755,9757,9758,9758,9758,9758,9758,9761,9762,9763,9763,9763,9765,9766,9768,9768,9769,9769,9769,9769,9769,9769,9769,9769,9770,9770,9770,9770,9770,9770,9770,9770,9770,9770,9770,9770,9770,9770,9770,9770,9770,9770,9770,9770,9770,9770,9770,9770,9770,9770,9770,9770,9770,9770,9770,9770,
0,33,48,66,81,95,108,123,138,163,179,196,222,243,281,307,339,370,418,448,497,546,598,658,718,789,859,936,1018,1098,1200,1300,1410,1529,1652,1768,1899,2041,2159,2312,2448,2588,2719,2848,2989,3159,3300,3455,3632,3793,3967,4148,4315,4477,4658,4853,5012,5171,5326,5501,5672,5828,5985,6159,6303,6439,6557,6696,6815,6950,7074,7180,7299,7414,7509,7611,7701,7773,7854,7929,8006,8087,8163,8224,8301,8356,8410,8453,8513,8567,8604,8660,8706,8743,8784,8818,8855,8891,8920,8946,8976,8994,9018,9037,9058,9082,9098,9115,9133,9141,9155,9167,9180,9186,9195,9205,9218,9228,9232,9244,9252,9255,9261,9267,9273,9278,9283,9294,9298,9300,9307,9314,9319,9323,9328,9330,9330,9333,9337,9339,9340,9341,9344,9347,9349,9350,9350,9353,9354,9357,9360,9360,9360,9361,9362,9363,9363,9363,9363,9363,9363,9365,9365,9365,9365,9366,9366,9367,9369,9371,9372,9372,9372,9374,9374,9374,9374,9374,9374,9374,9374,9374,9374,9374,9374,9375,9375,9376,9376,9376,9376,9376,9376,9377,9377,9377,9377,9378,9378,9378,9378,9379,9379,9380,9380,9380,9380,9380,9380,9380,9380,9381,9381,9382,9382,9382,9383,9383,9383,9384,9384,9384,9384,9385,9385,9385,9385,9385,9385,9385,9385,9385,9385,9385,9385,9385,9385,9385,9385,9385,9385,9385,9385,9385,9385,9385,9385,9385,9385,9385,9385,9385,9385,9385,9385,9385,9385,9385,9385,9385,9385,9385,9385,9385,9385,9385,
0,30,46,61,76,92,109,132,155,191,226,261,311,353,418,476,532,604,674,742,815,892,965,1049,1152,1267,1385,1507,1630,1765,1889,2031,2196,2355,2504,2661,2839,3009,3168,3347,3537,3713,3892,4070,4261,4461,4660,4852,5042,5207,5396,5581,5743,5936,6095,6272,6456,6623,6805,6963,7114,7289,7437,7580,7720,7835,7959,8082,8202,8309,8430,8551,8646,8748,8832,8906,8986,9079,9169,9256,9326,9411,9514,9582,9652,9717,9773,9830,9889,9938,9987,10047,10093,10150,10197,10237,10275,10322,10363,10402,10442,10488,10532,10551,10586,10614,10639,10664,10688,10707,10722,10735,10746,10760,10777,10792,10805,10817,10828,10835,10845,10852,10862,10871,10878,10893,10902,10906,10915,10923,10935,10949,10954,10959,10967,10975,10977,10990,10993,10998,11004,11009,11013,11019,11025,11027,11028,11034,11036,11040,11043,11046,11046,11046,11047,11049,11051,11054,11056,11056,11057,11060,11062,11064,11066,11067,11068,11069,11069,11070,11070,11070,11071,11072,11072,11072,11072,11072,11072,11072,11072,11072,11072,11072,11072,11073,11073,11073,11073,11073,11073,11073,11073,11073,11073,11073,11073,11073,11073,11073,11073,11073,11073,11073,11073,11073,11073,11073,11073,11073,11073,11073,11073,11073,11073,11073,11073,11073,
0,30,38,53,67,86,106,131,157,176,205,243,293,335,374,426,488,555,632,698,783,843,930,1030,1146,1258,1382,1507,1646,1787,1930,2091,2232,2378,2552,2730,2905,3105,3328,3551,3775,3950,4148,4372,4605,4816,5083,5293,5528,5759,5973,6158,6371,6582,6786,6956,7154,7358,7549,7722,7890,8056,8212,8396,8562,8722,8868,9028,9164,9318,9447,9569,9694,9826,9954,10057,10168,10266,10351,10433,10516,10613,10673,10753,10811,10871,10933,10989,11049,11113,11151,11201,11238,11286,11329,11363,11397,11443,11476,11511,11542,11565,11600,11626,11646,11673,11693,11711,11721,11737,11758,11768,11781,11795,11807,11813,11820,11829,11840,11852,11856,11867,11873,11878,11887,11892,11894,11900,11906,11911,11916,11921,11926,11926,11929,11934,11938,11941,11945,11950,11956,11960,11962,11964,11965,11966,11966,11970,11972,11973,11976,11977,11977,11979,11980,11980,11980,11982,11985,11987,11988,11988,11988,11989,11989,11990,11991,11991,11991,11992,11993,11994,11995,11995,11995,11996,11997,11997,11998,11998,11998,11998,11998,11998,11998,11998,11998,11998,11998,11998,11998,11998,11998,11998,11998,11998,11998,11999,11999,11999,11999,11999,11999,11999,11999,11999,11999,11999,11999,11999,11999,11999,12000,12000,12000,12000,12000,12000,12000,12000,12002,12002,12002,12002,12002,12002,12002,12002,12002,12002,12002,12002,12002,12002,12002,12002,12002,12002,12002,12002,12002,12002,12002,12002,12002,12002,12002,12002,12002,12002,12002,12002,12002,12002,12002,12002,12002,12002,12002,12002,12002,12002,12002,12002,12002,12002,12002,12002,12002,12002,12002,12002,12002,12002,12002,12002,12002,12002,12002,12002,12002,12002,12002,12002,12002,12002,12002,12002,12002,12002,12002,12002,12002,12002,12002,12002,12002,12002,12002,12002,12002,12002,12002,12002,12002,12002,12002,12002,12002,12002,12002,12002,12002,12002,12002,12002,12002,12002,12002,12002,12002,12002,12002,12002,12002,12002,12002,12002,
0,22,43,60,75,89,100,112,128,147,174,201,230,256,290,314,356,396,426,465,515,552,609,661,714,788,856,936,1011,1102,1184,1277,1373,1493,1590,1683,1801,1904,2040,2167,2304,2451,2599,2724,2878,3021,3171,3327,3481,3656,3816,4000,4171,4380,4548,4733,4922,5081,5261,5436,5601,5757,5919,6066,6223,6353,6526,6644,6792,6910,7036,7172,7292,7403,7517,7623,7724,7823,7916,8017,8110,8218,8311,8393,8465,8536,8604,8681,8746,8807,8881,8939,8987,9032,9092,9141,9196,9239,9285,9327,9369,9410,9442,9467,9492,9525,9553,9580,9601,9625,9650,9663,9683,9700,9718,9728,9742,9756,9768,9776,9789,9799,9806,9817,9831,9844,9851,9853,9857,9871,9880,9888,9895,9901,9908,9914,9921,9925,9930,9937,9940,9944,9946,9951,9955,9959,9963,9971,9974,9978,9980,9981,9983,9988,9988,9988,9988,9990,9991,9993,9996,9998,9999,9999,10005,10009,10009,10010,10013,10015,10017,10018,10021,10021,10022,10027,10030,10031,10031,10031,10031,10034,10036,10037,10037,10038,10039,10040,10040,10041,10042,10042,10042,10043,10043,10043,10045,10045,10046,10047,10047,10047,10047,10047,10047,10047,10047,10047,10047,10047,10047,10047,10047,10047,10047,10047,10047,10047,10047,10047,10047,10047,10047,10047,10047,10047,10047,10047,10047,10047,10047,10047,10047,10047,10047,10047,10047,10047,10047,10047,10047,10047,10047,10047,10047,10047,10047,10047,10047,10047,10047,10047,10047,10047,10047,10047,10047,10047,10047,10047,10047,10047,10047,10047,10047,10047,10047,10047,10047,10047,10047,10047,10047,10047,10047,10047,10047,10047,10047,10047,10047,10047,10047,10047,10047,10047,10047,10047,10047,10047,10047,10047,10047,10047,10047,10047,10047,10047,10047,10047,10047,10047,10047,10047,10047,10047,10047,10047,10047,10047,10047,10047,10047,10047,10047,10047,10047,10047,10047,10047,10047,10047,
0,30,45,61,70,85,100,116,125,134,156,181,200,223,243,265,300,323,353,386,422,464,512,558,618,680,751,795,858,917,997,1082,1175,1263,1356,1442,1557,1679,1804,1922,2044,2178,2306,2451,2604,2764,2929,3097,3262,3430,3593,3758,3900,4057,4221,4382,4550,4737,4897,5054,5230,5374,5552,5738,5899,6045,6169,6302,6442,6561,6692,6814,6919,7015,7133,7215,7308,7387,7494,7582,7680,7761,7833,7907,7957,8021,8074,8133,8194,8243,8294,8337,8377,8412,8452,8490,8534,8556,8586,8619,8641,8662,8696,8723,8751,8779,8802,8826,8850,8873,8893,8918,8934,8953,8966,8982,8991,9010,9026,9041,9056,9076,9094,9103,9108,9120,9131,9143,9156,9165,9176,9183,9192,9205,9215,9220,9232,9239,9247,9253,9260,9267,9271,9282,9285,9289,9297,9304,9307,9314,9317,9321,9324,9329,9335,9336,9338,9339,9340,9341,9345,9347,9348,9349,9351,9352,9352,9354,9354,9356,9357,9357,9357,9357,9357,9357,9358,9359,9360,9361,9362,9362,9362,9362,9362,9362,9363,9363,9364,9364,9365,9367,9368,9371,9373,9373,9374,9374,9374,9374,9375,9375,9375,9375,9375,9375,9375,9375,9375,9375,9375,9375,9375,9375,9375,9375,9375,9375,9375,9375,9375,9375,9375,9375,9375,9375,9375,9375,9375,9375,9375,9375,9375,9375,9375,9375,9375,9375,9375,9375,9375,9375,9375,9375,9375,9375,9375,9375,9375,9375,9375,9375,9375,9375,9375,9375,9375,9375,9375,9376,9376,9376,9376,9376,9376,9376,9376,9376,9376,9376,9376,9376,9376,9376,9376,9376,9376,9376,9376,9376,9376,9376,9376,9376,9376,9376,
0,37,54,66,81,94,108,127,136,159,183,199,222,252,280,320,354,399,436,488,534,592,646,701,762,814,883,953,1035,1134,1212,1291,1388,1487,1588,1694,1814,1935,2070,2193,2336,2469,2613,2751,2921,3081,3233,3391,3554,3729,3899,4056,4236,4402,4594,4775,4935,5111,5255,5429,5600,5759,5905,6054,6214,6360,6528,6673,6816,6949,7066,7200,7312,7425,7532,7657,7767,7879,7993,8088,8205,8301,8377,8445,8557,8644,8731,8804,8880,8946,9022,9087,9144,9196,9246,9296,9341,9389,9433,9473,9510,9551,9585,9618,9645,9676,9705,9728,9751,9777,9805,9825,9854,9873,9898,9923,9945,9967,9987,10001,10022,10038,10051,10062,10073,10085,10098,10108,10119,10123,10135,10145,10147,10155,10159,10165,10172,10177,10182,10183,10188,10189,10195,10198,10200,10203,10206,10210,10212,10216,10217,10219,10222,10225,10228,10228,10229,10230,10230,10233,10234,10234,10235,10236,10238,10239,10240,10240,10241,10243,10244,10245,10246,10246,10246,10246,10246,10246,10246,10246,10246,10246,10246,10246,10246,10246,10246,10246,10247,10247,10247,10248,10248,10248,10248,10248,10248,10248,10248,10248,10248,10248,10248,10248,10248,10248,10248,10248,10248,10248,10248,10248,10248,10248,10248,10248,10248,10248,10248,10248,10248,10248,10248,10248,10248,10248,10248,10248,10248,10248,10248,10248,10248,10248,10248,10248,10248,10248,10248,10248,10248,10248,10248,10248,10248,10248,10248,10248,10248,10248,10248,10248,10248,10248,10248,10248,10248,10248,10248,10248,10248,10248,10248,10248,10248,10248,10248,10248,10248,10248,10248,10248,10248,10248,10248,10248,10248,10248,10248,10248,10248,10248,10248,10248,10248,10248,10248,10248,10248,10248,10248,10248,10248,10248,10248,10248,10248,10248,10248,10248,10248,10248,10248,10248,10248,10248,10248,10248,10248,10248,10248,10248,10248,10248,10248,10248,10248,10248,10248,10248,10248,10248,10248,10248,10248,10248,10248,10248,10248,10248,10248,10248,10248,10248,10248,10248,10248,10248,10248,10248,10248,10248,10248,10248,10248,10248,10248,10248,10248,
0,28,48,61,70,79,94,110,125,134,152,174,192,218,243,281,311,349,400,457,517,571,637,726,806,880,956,1029,1107,1190,1278,1370,1469,1598,1703,1818,1920,2036,2156,2292,2418,2528,2655,2783,2904,3057,3198,3316,3450,3592,3733,3887,4053,4174,4315,4449,4587,4722,4840,4974,5104,5241,5362,5467,5584,5694,5805,5911,6010,6136,6248,6359,6469,6557,6656,6747,6838,6921,7010,7088,7187,7261,7326,7397,7472,7537,7610,7673,7723,7779,7832,7882,7936,7984,8040,8086,8117,8155,8203,8242,8282,8321,8344,8378,8413,8434,8463,8489,8520,8545,8574,8591,8607,8629,8642,8662,8684,8699,8720,8731,8750,8764,8774,8779,8787,8801,8809,8825,8837,8849,8860,8870,8874,8880,8886,8894,8900,8906,8910,8917,8921,8923,8929,8931,8934,8937,8940,8945,8953,8960,8964,8965,8969,8972,8975,8978,8981,8983,8984,8985,8985,8986,8986,8988,8988,8988,8989,8989,8990,8990,8990,8990,8991,8993,8995,8995,8995,8995,8998,9000,9001,9002,9002,9002,9004,9005,9005,9005,9006,9006,9007,9008,9008,9008,9008,9008,9008,9008,9008,9009,9009,9009,9009,9009,9009,9009,9009,9009,9009,9010,9010,9010,9010,9010,9010,9010,9010,9010,9010,9011,9011,9011,9011,9011,9011,9011,9011,9011,9011,9011,9011,9011,9011,9011,9011,9011,9011,9011,9011,9011,9011,9011,9011,9011,9011,9011,9011,9011,9011,9011,9011,9011,9011,9011,9011,9011,9011,9011,9011,9011,9011,
0,23,37,51,69,78,92,115,132,151,171,184,221,245,273,311,352,388,418,471,507,552,599,648,700,757,824,907,988,1059,1127,1217,1305,1411,1518,1625,1729,1856,1997,2105,2225,2368,2517,2664,2821,2978,3122,3296,3443,3610,3756,3938,4138,4324,4510,4702,4898,5089,5271,5434,5597,5774,5960,6117,6290,6447,6607,6788,6945,7096,7230,7373,7519,7670,7787,7915,8033,8163,8288,8421,8541,8649,8759,8875,8985,9076,9167,9267,9364,9447,9536,9637,9715,9787,9864,9924,10002,10094,10162,10218,10284,10339,10408,10464,10515,10571,10625,10673,10726,10771,10824,10856,10885,10923,10958,10985,11024,11045,11065,11093,11123,11149,11170,11197,11224,11242,11255,11277,11287,11300,11311,11324,11341,11351,11362,11377,11392,11401,11413,11418,11427,11435,11444,11452,11455,11458,11465,11475,11484,11489,11495,11499,11502,11504,11511,11518,11527,11529,11532,11533,11536,11541,11542,11545,11545,11549,11551,11554,11556,11557,11557,11557,11557,11557,11560,11560,11564,11565,11566,11567,11568,11568,11569,11569,11570,11571,11571,11573,11573,11575,11575,11576,11577,11580,11580,11580,11582,11583,11584,11585,11585,11585,11585,11585,11585,11585,11585,11585,11586,11586,11586,11586,11586,11586,11586,11586,11586,11586,11586,11587,11587,11587,11587,11587,11587,11587,11587,11587,11587,11587,11587,11587,11587,11587,11587,11587,11587,11587,11587,
0,31,48,64,81,98,104,120,134,160,191,221,250,275,311,348,381,414,449,491,539,580,640,697,757,820,880,954,1035,1121,1212,1297,1399,1500,1611,1746,1867,1993,2120,2244,2350,2501,2636,2794,2922,3045,3173,3302,3446,3603,3758,3894,4023,4169,4330,4454,4583,4718,4849,4967,5088,5198,5297,5406,5513,5624,5716,5799,5879,5953,6036,6121,6201,6283,6341,6419,6486,6546,6610,6672,6742,6801,6863,6923,6977,7028,7085,7128,7162,7199,7235,7272,7310,7330,7367,7393,7426,7446,7467,7490,7515,7533,7555,7575,7589,7603,7628,7651,7664,7682,7696,7714,7722,7737,7743,7748,7757,7770,7775,7788,7801,7808,7818,7821,7829,7839,7849,7851,7856,7865,7871,7881,7890,7897,7905,7913,7921,7924,7930,7937,7940,7945,7946,7948,7948,7950,7955,7959,7959,7963,7966,7971,7974,7975,7979,7980,7980,7981,7981,7982,7982,7983,7983,7986,7987,7987,7988,7989,7989,7991,7991,7992,7992,7993,7994,7994,7994,7995,7995,7995,7995,7996,7996,7997,7997,7997,7999,7999,7999,7999,7999,7999,7999,8001,8001,8001,8001,8001,8001,8001,8001,8001,8003,8003,8003,8003,8003,8004,8004,8006,8006,8006,8006,8006,8006,8006,8007,8009,8009,8011,8011,8011,8011,8011,8012,8013,8013,8014,8014,8014,8014,8014,8014,8014,8014,8014,8014,8014,8014,8014,8014,8014,8014,8014,8014,8014,8014,8014,8014,8014,8014,8014,8014,8014,8014,8014,8014,8014,8014,8014,8014,8014,8014,8014,8014,8014,8014,8014,8014,8014,8014,8014,8014,8014,8014,8014,8014,8014,8014,8014,8014,8014,8014,8014,8014,
0,31,45,59,67,87,111,121,135,154,172,194,213,232,257,281,308,339,375,413,455,498,551,591,661,714,770,857,944,1035,1117,1206,1311,1424,1517,1632,1759,1883,2030,2171,2310,2474,2627,2786,2969,3138,3312,3486,3669,3828,4006,4208,4355,4524,4708,4865,5024,5181,5344,5486,5637,5819,5987,6136,6296,6433,6566,6702,6831,6959,7097,7224,7356,7481,7591,7708,7814,7901,8004,8104,8188,8271,8335,8426,8494,8564,8631,8690,8746,8801,8856,8901,8957,8993,9028,9076,9114,9160,9193,9225,9261,9292,9323,9353,9376,9411,9439,9458,9483,9508,9535,9556,9574,9592,9616,9633,9647,9655,9678,9697,9709,9719,9736,9745,9754,9762,9768,9775,9783,9794,9799,9802,9807,9808,9817,9821,9823,9827,9828,9831,9837,9842,9845,9857,9860,9865,9866,9867,9868,9869,9874,9878,9880,9883,9884,9885,9885,9887,9887,9890,9890,9890,9893,9893,9893,9893,9893,9894,9894,9894,9894,9895,9897,9897,9897,9897,9898,9898,9899,9899,9899,9899,9899,9899,9900,9900,9900,9900,9901,9901,9901,9902,9902,9902,9902,9902,9902,9902,9902,9902,9902,9902,9902,9902,9902,9902,9902,9902,9902,9902,9902,9902,9902,9902,9902,9902,9902,9903,9903,9903,9903,9903,9903,9903,9903,9903,9903,9903,9903,9903,9903,9903,9903,9903,9903,9903,9903,9903,9903,9903,9903,9903,9903,9903,9903,9903,9903,9903,9903,9903,9903,9903,9903,9903,9903,9903,9903,9903,9903,9903,9903,9903,9903,9903,9903,9903,9903,9903,9903,9903,9903,9903,9903,9903,9903,9903,9903,9903,9903,9903,9903,9903,9903,9903,9903,9903,9904,9904,9904,9904,9904,9904,9904,9904,9904,9904,9904,9904,9904,9904,9904,9904,9904,9904,9904,9904,9904,9904,9904,9904,9904,9904,9904,9904,9904,9904,9904,9904,9904,9904,9904,9904,9904,9904,
0,31,45,60,72,81,99,128,154,178,209,242,270,303,340,378,409,460,523,575,627,678,737,799,875,956,1033,1118,1201,1292,1379,1491,1614,1736,1876,2010,2146,2266,2397,2523,2660,2822,2989,3138,3308,3459,3601,3772,3924,4098,4267,4421,4581,4742,4898,5058,5216,5355,5518,5681,5839,5966,6107,6241,6373,6492,6618,6730,6846,6956,7065,7166,7279,7365,7471,7557,7651,7717,7785,7860,7962,8037,8106,8162,8220,8274,8328,8383,8434,8485,8528,8571,8616,8652,8698,8744,8790,8834,8895,8933,8973,9018,9064,9118,9157,9189,9230,9269,9301,9333,9357,9381,9409,9439,9469,9486,9513,9532,9551,9573,9593,9605,9628,9641,9653,9660,9670,9683,9696,9709,9718,9729,9731,9738,9744,9751,9757,9765,9769,9772,9777,9781,9786,9791,9796,9799,9801,9805,9807,9811,9814,9816,9819,9820,9824,9826,9827,9828,9828,9828,9829,9831,9831,9831,9832,9833,9835,9836,9837,9837,9838,9840,9840,9840,9841,9841,9841,9841,9841,9841,9841,9842,9842,9842,9842,9844,9846,9846,9848,9848,9849,9849,9850,9851,9853,9853,9855,9857,9857,9859,9859,9859,9859,9859,9860,9860,9861,9861,9861,9861,9861,9861,9861,9861,9861,9863,9863,9863,9863,9864,9864,9864,9864,9864,9864,9864,9864,9864,9864,9864,9864,9864,9864,9864,9864,9864,9864,9864,9864,9864,9864,9864,9864,9864,9864,9864,9864,9864,9864,9864,9864,
0,30,46,65,76,92,104,119,138,155,187,211,246,271,300,330,364,402,459,494,551,598,656,713,790,874,949,1050,1130,1221,1310,1401,1495,1604,1720,1823,1960,2067,2181,2329,2452,2580,2731,2879,3036,3166,3322,3456,3607,3760,3920,4055,4194,4317,4480,4605,4735,4886,5030,5156,5287,5394,5532,5658,5765,5879,5980,6081,6196,6298,6414,6518,6616,6716,6814,6901,6988,7079,7162,7248,7319,7408,7500,7574,7629,7687,7758,7826,7887,7965,8025,8078,8130,8182,8232,8284,8340,8381,8411,8447,8498,8538,8572,8608,8640,8678,8705,8741,8774,8792,8815,8841,8864,8888,8909,8931,8951,8969,8993,9022,9038,9061,9077,9085,9099,9110,9126,9131,9137,9148,9155,9162,9169,9176,9183,9188,9192,9198,9203,9207,9209,9213,9215,9217,9218,9223,9227,9232,9235,9238,9240,9241,9245,9252,9257,9258,9261,9265,9270,9271,9273,9276,9277,9279,9280,9281,9281,9281,9281,9281,9282,9282,9282,9282,9283,9284,9285,9285,9286,9287,9287,9289,9289,9289,9289,9290,9290,9290,9290,9290,9290,9290,9290,9291,9292,9292,9293,9293,9293,9293,9293,9293,9293,9293,9293,9293,9293,9293,9293,9293,9293,9293,9293,9293,9293,9293,9293,9293,9293,9293,9293,9293,9293,9293,9293,9293,9293,9293,9293,9293,9293,9293,9293,9293,9293,9293,9293,9293,9293,9293,9293,9293,9293,9293,9293,9293,9293,9293,9293,9293,9293,9293,9293,9293,9293,9293,9293,9293,9293,9293,9293,9293,9293,9293,9293,9293,9293,9293,9293,9293,9293,9293,9293,9293,9293,9293,9293,9293,9293,9293,9293,9293,9293,9293,9293,9293,9293,9293,9293,9293,9293,9293,9293,9293,9293,9293,9293,9293,9293,9293,9293,9293,9293,9293,9293,9293,9293,9293,9293,9293,9293,9293,9293,9293,9293,9293,9293,9293,9293,9293,9293,9293,9293,9293,9293,9293,9293,9293,9293,9293,9293,9293,9293,9293,9293,9293,9293,9293,9293,9293,9293,9293,9293,9293,9293,9293,9293,9293,9293,9293,9293,9293,9293,9293,9293,9293,9293,9293,9293,9293,9293,9293,9293,9293,9293,9293,9293,9293,9293,9293,9293,9293,9293,9293,9293,9293,9293,9293,9293,9293,9293,9293,9293,9293,9293,9293,9293,9293,9293,9293,9293,9293,9293,9293,9293,9293,9293,9293,9293,9293,9293,9293,9293,9293,9293,9293,9293,9293,9293,9293,9293,9293,9293,9293,9293,9293,9293,9293,9293,9293,9293,9293,9293,9293,9293,9293,9293,9293,9293,
0,24,40,57,67,86,104,128,157,169,192,215,247,281,315,361,404,462,520,559,610,661,735,810,877,961,1041,1134,1236,1350,1471,1595,1716,1853,2019,2146,2313,2490,2654,2822,3038,3209,3401,3612,3834,4038,4233,4455,4637,4825,5037,5256,5479,5683,5915,6102,6327,6523,6733,6965,7152,7358,7557,7725,7907,8102,8275,8435,8598,8759,8887,9018,9143,9281,9425,9549,9661,9767,9864,9975,10069,10185,10283,10394,10478,10565,10642,10720,10804,10884,10969,11053,11129,11191,11244,11306,11357,11396,11450,11502,11549,11598,11640,11673,11717,11747,11772,11806,11831,11862,11894,11930,11958,11989,12014,12040,12052,12070,12088,12104,12129,12145,12162,12184,12198,12215,12222,12229,12243,12252,12264,12271,12282,12293,12301,12311,12313,12322,12330,12338,12345,12349,12352,12356,12364,12366,12371,12374,12380,12382,12384,12388,12389,12391,12391,12392,12396,12397,12402,12408,12409,12413,12414,12417,12419,12422,12424,12428,12428,12430,12431,12434,12435,12436,12436,12437,12439,12441,12442,12443,12444,12444,12444,12446,12446,12446,12446,12446,12447,12448,12449,12449,12450,12452,12452,12452,12452,12453,12453,12454,12454,12454,12455,12456,12456,12456,12456,12456,12456,12456,12457,12457,12457,12457,12457,12457,12457,12458,12458,12458,12459,12459,12459,12459,12459,12459,12459,12459,12459,12459,12459,12459,12459,12459,12460,12460,12460,12461,12461,12461,12462,12462,12462,12462,12462,12462,12462,12462,12462,12462,12462,12462,12462,12462,12462,12462,12462,12462,12462,12462,12463,12463,12463,12463,12463,12463,12463,12463,12463,12463,12463,12463,12463,12463,12463,12463,12463,12463,12463,12464,12464,12464,12464,12464,12464,12464,12464,12464,12464,12464,12464,12464,12464,12464,12464,12464,12464,12464,12464,12464,12464,12464,12464,12464,12464,12464,12464,12464,12464,12464,12464,12464,12464,12464,12464,12464,12464,12464,12464,12464,12464,12464,12464,12464,12464,12464,12464,12464,12464,12464,12464,
0,23,48,56,72,90,103,114,128,146,167,191,211,238,272,297,335,372,419,469,510,558,611,661,727,793,869,954,1062,1167,1258,1363,1472,1571,1686,1809,1933,2053,2194,2345,2492,2636,2795,2952,3101,3249,3395,3556,3722,3864,4031,4181,4341,4514,4705,4882,5054,5212,5382,5527,5681,5826,5970,6114,6251,6386,6512,6645,6785,6926,7051,7164,7271,7387,7492,7607,7703,7816,7927,8048,8169,8279,8360,8435,8527,8619,8708,8793,8862,8927,8992,9045,9104,9156,9203,9266,9330,9378,9417,9472,9509,9553,9589,9635,9683,9732,9765,9801,9823,9850,9871,9895,9918,9943,9966,9978,9996,10019,10039,10057,10069,10080,10085,10099,10113,10128,10135,10146,10156,10160,10171,10179,10184,10190,10196,10198,10203,10207,10213,10217,10221,10225,10229,10234,10236,10239,10242,10245,10250,10253,10256,10258,10261,10264,10265,10266,10267,10271,10275,10278,10280,10281,10282,10283,10284,10284,10285,10286,10286,10288,10288,10288,10288,10289,10289,10289,10290,10291,10293,10293,10293,10293,10293,10293,10293,10294,10294,10294,10295,10296,10297,10297,10297,10297,10297,10297,10297,10297,10298,10298,10298,10298,10298,10298,10298,10299,10299,10300,10301,10301,10301,10301,10301,10301,10301,10301,10301,10301,10301,10301,10301,10301,10301,10301,10301,10301,10301,10301,10301,10301,10301,10301,10301,10301,10301,10301,10301,10301,10301,10301,10301,10301,10301,10301,10301,10301,10301,10301,10301,10301,10301,10301,10301,10301,10301,10301,10301,10301,10301,10301,10301,10301,10301,10301,10301,10301,10301,10301,10301,10301,10301,10301,10301,10301,10301,10301,10301,10301,10301,10301,10301,10301,10301,10301,10301,10301,10301,10301,10301,10301,10301,10301,10301,10301,10301,10301,10301,10301,10301,10301,10301,10301,10301,10301,10301,10301,10301,10301,10301,10301,10301,10301,10301,10301,10301,10301,10301,10301,10301,10301,10301,10301,10301,10301,10301,10301,10301,10301,10301,10301,10301,10301,10301,10301,10301,10301,10301,10301,10301,10301,10301,
0,34,54,69,77,102,124,143,161,189,209,235,262,298,335,371,405,450,483,521,572,634,686,754,831,890,959,1051,1151,1244,1341,1423,1539,1666,1812,1941,2072,2200,2351,2492,2624,2761,2929,3079,3241,3393,3516,3667,3859,4001,4158,4310,4468,4633,4775,4928,5060,5184,5332,5474,5604,5738,5849,5950,6056,6176,6306,6411,6524,6612,6713,6798,6888,6981,7075,7170,7250,7324,7403,7480,7557,7642,7717,7797,7852,7927,7979,8052,8108,8161,8203,8263,8321,8368,8421,8468,8506,8554,8603,8645,8679,8714,8742,8773,8806,8825,8855,8880,8902,8922,8945,8971,8993,9012,9038,9062,9083,9100,9118,9128,9142,9156,9163,9172,9183,9190,9198,9208,9217,9222,9228,9232,9239,9244,9247,9253,9257,9260,9266,9271,9275,9282,9284,9288,9292,9296,9298,9303,9304,9306,9306,9307,9307,9309,9311,9314,9316,9317,9317,9321,9324,9324,9325,9325,9326,9326,9328,9329,9329,9329,9330,9330,9330,9330,9330,9331,9333,9334,9334,9334,9334,9334,9334,9334,9334,9334,9334,9334,9334,9334,9334,9334,9334,9334,9334,9334,9334,9334,9334,9334,9334,9334,9334,9334,9334,9334,9334,9334,9334,9334,9334,9334,9334,9334,9334,9334,9334,9334,9334,9334,9334,9334,9334,9334,9334,9334,9334,9334,9334,9334,9334,9334,9334,9334,9334,9334,9334,9334,9334,9334,9334,9334,9334,9334,9334,9334,9334,9334,9334,9334,9334,9334,9334,9334,9334,9334,9334,9334,9334,9334,9334,9334,9334,9334,9334,9334,9334,9334,9334,9334,9334,9334,9334,9334,9334,9334,9334,9334,9334,9334,9334,9334,9334,9334,9334,9334,9334,9334,9334,9334,9334,9334,9334,9334,9334,9334,9334,9334,9334,9334,9334,9334,9334,9334,9334,9334,9334,9334,9334,9334,9334,9334,9334,9334,9334,9334,9334,9334,9334,
0,29,47,57,72,92,105,134,166,184,204,226,254,287,312,358,404,453,496,551,624,689,755,825,910,1006,1108,1204,1307,1432,1537,1661,1784,1910,2052,2213,2359,2519,2695,2879,3072,3239,3394,3589,3786,3990,4181,4384,4572,4768,4965,5168,5347,5519,5704,5880,6070,6250,6432,6623,6795,6959,7130,7293,7437,7580,7731,7875,7996,8130,8260,8361,8455,8574,8687,8769,8862,8961,9049,9136,9203,9278,9333,9413,9475,9544,9600,9658,9696,9736,9777,9817,9855,9901,9937,9967,10007,10025,10053,10074,10096,10125,10144,10165,10181,10198,10214,10226,10242,10260,10271,10282,10294,10304,10316,10325,10333,10345,10360,10364,10369,10372,10378,10380,10386,10391,10397,10405,10409,10413,10416,10416,10423,10427,10432,10433,10434,10438,10442,10444,10446,10447,10448,10451,10453,10455,10456,10458,10459,10462,10466,10467,10469,10470,10470,10471,10473,10474,10475,10475,10475,10476,10477,10479,10479,10479,10480,10480,10480,10482,10482,10482,10482,10482,10482,10482,10482,10482,10482,10482,10482,10482,10482,10482,10482,10482,10482,10482,10482,10482,10482,10483,10483,10483,10483,10483,10483,10483,10483,10483,10483,10483,10483,10483,10483,10483,10483,10483,10483,10483,10483,10483,10483,10483,10483,10483,10483,10483,10483,10483,10483,10483,10483,10483,10483,10483,10483,10483,10483,10483,10483,10483,10483,10483,10483,10483,10483,10483,10483,10483,10483,10483,
0,37,58,69,77,89,97,108,129,155,176,198,229,250,283,316,354,387,432,482,527,580,637,707,765,838,911,974,1050,1122,1223,1310,1399,1495,1603,1707,1821,1937,2081,2218,2350,2492,2632,2778,2926,3061,3200,3344,3506,3655,3795,3936,4067,4210,4343,4507,4648,4788,4939,5075,5206,5327,5448,5590,5704,5822,5942,6057,6167,6278,6382,6477,6598,6695,6799,6901,7016,7106,7191,7274,7362,7446,7525,7613,7691,7757,7825,7898,7954,8026,8092,8150,8208,8261,8304,8347,8387,8418,8446,8486,8515,8546,8574,8608,8638,8666,8692,8714,8732,8752,8775,8794,8820,8833,8862,8876,8887,8900,8904,8919,8934,8948,8959,8963,8972,8982,8990,8999,9010,9015,9024,9027,9030,9035,9043,9049,9051,9060,9068,9073,9081,9087,9088,9091,9093,9097,9099,9102,9107,9108,9110,9114,9115,9119,9122,9122,9122,9123,9125,9128,9129,9130,9132,9134,9134,9135,9135,9135,9135,9136,9136,9141,9142,9143,9143,9144,9144,9145,9146,9147,9148,9148,9148,9148,9148,9148,9148,9148,9148,9148,9148,9148,9148,9148,9148,9149,9149,9149,9149,9149,9149,9149,9149,9149,9149,9149,9149,9149,9149,9149,9149,9149,9149,9149,9149,9149,9149,9149,9149,9149,9149,9149,9149,9149,9149,9149,9149,9149,9149,9149,9149,9149,9149,9149,9149,9149,9149,9149,9149,9149,9149,9149,9149,9149,9149,9149,9149,9149,9149,9149,9149,9149,9149,9149,9149,9149,9149,9149,9149,
0,35,53,67,83,97,112,132,156,188,212,237,266,296,329,360,398,439,476,530,582,647,719,791,864,954,1032,1122,1229,1323,1459,1573,1687,1798,1930,2065,2207,2349,2496,2641,2793,2956,3124,3276,3454,3633,3781,3964,4123,4298,4463,4664,4854,5017,5202,5425,5609,5785,5939,6095,6298,6462,6613,6780,6957,7107,7252,7387,7522,7662,7787,7924,8066,8186,8284,8403,8507,8604,8723,8833,8944,9040,9139,9241,9331,9434,9534,9632,9710,9806,9904,9986,10059,10134,10202,10277,10332,10402,10476,10537,10603,10663,10739,10795,10851,10898,10952,10998,11049,11093,11141,11176,11211,11245,11272,11307,11333,11363,11387,11405,11428,11459,11477,11500,11516,11541,11563,11581,11592,11613,11629,11645,11656,11672,11689,11700,11712,11722,11734,11746,11758,11766,11774,11777,11786,11796,11798,11803,11815,11821,11827,11833,11840,11846,11850,11854,11864,11868,11871,11874,11877,11881,11885,11891,11893,11898,11901,11902,11905,11905,11906,11910,11914,11914,11915,11918,11920,11922,11922,11923,11924,11925,11925,11927,11928,11929,11929,11929,11930,11932,11936,11938,11939,11939,11939,11939,11940,11940,11940,11941,11941,11941,11942,11942,11942,11942,11942,11942,11942,11942,11942,11942,11942,11942,11942,11942,11942,11942,11942,11942,11942,11942,11942,11942,11942,11942,11942,11943,11943,11943,11943,11943,11943,11943,11943,11943,11943,11943,11943,11943,11943,11943,11943,11943,11943,11943,11943,11943,11943,11943,11943,11943,11943,11943,
0,28,43,54,71,79,94,107,128,149,167,195,225,251,285,329,368,404,450,491,537,601,659,742,823,898,984,1069,1188,1296,1396,1500,1636,1771,1882,2034,2171,2311,2468,2649,2784,2925,3082,3236,3415,3591,3787,3976,4131,4296,4466,4632,4781,4934,5082,5242,5385,5506,5633,5772,5891,6033,6158,6284,6395,6500,6600,6708,6795,6881,6991,7091,7179,7262,7340,7418,7493,7569,7637,7699,7768,7831,7886,7946,7992,8049,8092,8138,8177,8214,8260,8299,8330,8355,8397,8435,8468,8496,8523,8544,8568,8589,8611,8636,8653,8677,8688,8705,8723,8742,8755,8775,8791,8798,8807,8824,8834,8842,8851,8859,8863,8874,8882,8888,8895,8903,8910,8916,8921,8924,8932,8934,8940,8943,8946,8953,8958,8959,8963,8969,8972,8974,8976,8980,8985,8986,8988,8988,8988,8990,8991,8991,8992,8992,8994,8994,8995,8996,8996,8996,8996,8998,8999,9000,9001,9001,9001,9001,9001,9002,9002,9003,9005,9007,9007,9008,9008,9010,9010,9011,9011,9011,9011,9011,9011,9011,9011,9011,9011,9011,9011,9011,9011,9011,9011,9011,9011,9011,9011,9011,9011,9011,9011,9011,9011,9011,9011,9011,9011,9011,9011,9011,9011,9011,9011,9011,9011,9011,9011,9011,9011,9011,9011,9011,9011,9011,9011,9011,9012,9012,9012,9012,9012,9012,9012,9012,9012,9012,9012,9012,9012,9012,9012,9012,9012,9012,9012,9012,9012,9012,9012,9012,9012,9012,9012,9012,9012,9012,9012,9012,9012,9012,9012,9012,
0,25,41,52,62,81,94,110,125,149,166,186,208,241,278,313,363,405,451,494,544,620,695,758,825,902,990,1082,1170,1256,1349,1457,1566,1678,1824,1933,2061,2193,2333,2496,2643,2803,2956,3119,3290,3471,3656,3851,4050,4227,4405,4592,4752,4928,5090,5252,5411,5572,5744,5878,6036,6210,6367,6518,6684,6807,6930,7079,7234,7360,7477,7586,7703,7805,7904,8019,8106,8215,8285,8371,8453,8541,8604,8661,8727,8790,8841,8890,8934,9004,9056,9106,9157,9207,9249,9296,9347,9391,9433,9462,9500,9524,9557,9592,9634,9657,9678,9709,9739,9760,9777,9806,9819,9836,9855,9870,9889,9904,9927,9942,9956,9968,9988,10005,10014,10033,10043,10052,10060,10070,10085,10097,10108,10121,10128,10140,10148,10154,10166,10172,10177,10183,10191,10194,10198,10202,10205,10211,10211,10214,10218,10220,10225,10233,10237,10239,10241,10242,10246,10249,10250,10252,10252,10256,10256,10259,10261,10265,10267,10269,10271,10271,10272,10274,10274,10275,10275,10276,10277,10278,10279,10279,10279,10280,10280,10280,10280,10281,10282,10283,10285,10286,10287,10288,10288,10290,10290,10290,10290,10290,10290,10290,10290,10290,10290,10290,10290,10290,10290,10290,10290,10290,10290,10290,10290,10290,10290,10290,10290,10290,10290,10290,10290,10290,10290,10290,10290,10290,10290,10290,10290,10290,10290,10290,10290,10290,10290,10290,10290,10290,10290,10290,10290,10290,10290,10290,10290,10290,10290,10290,10290,10290,10290,10290,10290,10290,10290,10290,10290,10290,10290,10290,10290,10290,10290,10290,10290,10290,10290,10290,10290,10290,10290,10290,10290,10290,10290,10290,10290,10290,10290,10290,10290,10290,10290,10290,10290,10290,10290,10290,10290,10290,10290,10290,10290,10290,10290,10290,10290,10290,10290,10290,10290,10290,10290,10290,10290,10290,10290,10290,10290,
0,35,50,59,66,72,86,98,121,138,166,181,212,239,258,293,330,365,395,439,476,519,567,601,660,713,779,847,909,962,1040,1125,1208,1286,1358,1461,1562,1667,1777,1901,2055,2191,2304,2450,2609,2746,2893,3044,3208,3345,3481,3627,3771,3920,4073,4245,4379,4523,4677,4824,4962,5107,5276,5434,5552,5684,5797,5914,6047,6172,6293,6412,6540,6643,6758,6857,6957,7055,7157,7240,7329,7408,7505,7577,7656,7722,7803,7871,7942,7989,8045,8111,8177,8223,8275,8333,8387,8432,8461,8512,8553,8593,8631,8673,8716,8739,8783,8812,8836,8871,8903,8926,8945,8967,8982,8996,9014,9024,9034,9055,9076,9092,9105,9117,9136,9154,9163,9178,9188,9197,9205,9214,9224,9228,9237,9245,9254,9261,9266,9270,9275,9279,9283,9286,9291,9293,9296,9302,9305,9307,9310,9314,9316,9319,9322,9326,9326,9326,9327,9329,9329,9330,9330,9330,9330,9330,9330,9332,9332,9332,9334,9335,9337,9339,9339,9339,9340,9340,9340,9340,9341,9341,9341,9341,9342,9342,9343,9343,9343,9343,9343,9343,9343,9343,9343,9343,9343,9343,9343,9343,9343,9343,9343,9343,9343,9343,9343,9343,9343,9343,9343,9343,9343,9343,9343,9343,9343,9343,9343,9343,9343,9343,9343,9343,9343,9343,9343,9343,9343,9343,9343,9343,9343,9343,9343,9343,9343,9343,9343,9343,9343,9343,9343,9343,9343,9343,9343,9343,9343,9343,9343,9343,9343,9343,9343,9343,9343,9343,9343,9343,9343,9343,9343,9343,9343,9343,9343,9343,9343,9343,9343,9343,9343,
0,30,46,57,74,96,118,135,159,184,207,237,263,308,342,374,417,468,510,563,612,667,752,827,916,999,1090,1189,1294,1389,1491,1620,1720,1851,1970,2109,2238,2379,2521,2668,2825,2997,3150,3288,3469,3616,3746,3902,4052,4206,4377,4546,4727,4863,5026,5190,5355,5534,5698,5850,5995,6173,6321,6467,6593,6731,6867,6994,7125,7250,7356,7471,7580,7694,7808,7916,8010,8112,8205,8297,8371,8440,8508,8576,8628,8682,8757,8811,8869,8924,8970,9016,9062,9115,9154,9191,9237,9267,9301,9329,9357,9384,9409,9444,9476,9498,9519,9534,9546,9564,9575,9594,9611,9628,9640,9650,9665,9673,9687,9695,9706,9719,9728,9746,9752,9758,9761,9768,9775,9776,9780,9784,9789,9796,9799,9802,9810,9812,9814,9815,9818,9823,9824,9825,9826,9826,9829,9829,9831,9832,9834,9834,9834,9836,9837,9838,9840,9843,9844,9846,9847,9847,9850,9852,9853,9854,9854,9856,9858,9858,9859,9861,9861,9861,9861,9863,9865,9865,9865,9865,9866,9867,9867,9867,9868,9868,9870,9870,9870,9870,9870,9870,9870,9870,9871,9872,9872,9873,9873,9873,9873,9873,9873,9873,9873,9873,9873,9874,9874,9874,9874,9874,9874,9874,9874,9874,9874,9874,9874,9874,9874,9874,9874,9874,9874,
0,35,59,71,82,100,113,138,164,182,200,245,276,306,350,394,439,482,534,587,638,688,744,802,873,956,1043,1150,1231,1346,1463,1596,1716,1832,1961,2126,2295,2463,2619,2802,2958,3146,3319,3508,3700,3862,4069,4282,4486,4678,4876,5051,5238,5419,5609,5795,5982,6156,6336,6504,6676,6822,6980,7135,7264,7422,7569,7695,7801,7917,8057,8199,8318,8437,8553,8656,8750,8857,8950,9025,9111,9194,9279,9361,9430,9504,9567,9637,9684,9739,9808,9859,9905,9937,9996,10046,10080,10123,10166,10201,10239,10276,10307,10336,10360,10392,10422,10441,10466,10495,10510,10527,10548,10567,10586,10598,10608,10624,10634,10645,10654,10659,10665,10675,10687,10694,10701,10709,10717,10724,10729,10730,10739,10741,10747,10749,10755,10756,10759,10765,10766,10769,10772,10775,10775,10779,10781,10783,10785,10786,10786,10787,10787,10787,10788,10790,10790,10791,10791,10793,10793,10794,10794,10795,10796,10796,10797,10797,10797,10797,10797,10797,10797,10798,10799,10799,10799,10799,10799,10799,10800,10800,10800,10800,10800,10800,10800,10800,10800,10800,10801,10801,10801,10801,10801,10801,10801,10801,10801,10801,10801,10801,10802,10802,10802,10802,10802,10802,10802,10802,10802,10802,10802,10802,10802,10802,10802,10802,10802,10802,10802,10802,10802,10802,10802,10802,10802,10802,10802,10802,10802,10802,10802,10802,10802,10802,10802,10802,10802,10802,10802,10802,10802,10802,10802,10802,10802,10802,10802,10802,10802,10802,10802,10802,10802,10802,10802,10802,10802,10802,10802,10802,10802,10802,10802,10802,10802,10802,10802,10802,10802,10802,10802,10802,10802,10802,10802,10802,10802,10802,10802,10802,10802,10802,10802,10802,10802,10802,10802,10802,10802,10802,10802,10802,10802,10802,10802,10802,10802,10802,10802,10802,10802,10802,10802,10802,10802,10802,10802,10802,10802,10802,10802,10802,10802,10802,10802,10802,10802,10802,10802,10802,10802,10802,10802,10802,10802,10802,10802,10802,10802,10802,10802,10802,10802,10802,10802,10802,10802,10802,10802,10802,10802,10802,10802,10802,10802,10802,10802,10802,10802,10802,10802,10802,10802,10802,10802,10802,10802,10802,10802,10802,10802,10802,10802,10802,10802,10802,10802,10802,10802,10802,10802,10802,10802,10802,10802,10802,10802,10802,10802,10802,10802,10802,10802,10802,10802,10802,10802,10802,10802,10802,10802,10802,10802,10802,10802,10802,10802,10802,10802,10802,10802,10802,10802,10802,10802,10802,10802,10802,10802,10802,10802,10802,10802,10802,10802,10802,10802,10802,10802,10802,10802,10802,10802,10802,10802,10802,10802,10802,10802,10802,10802,10802,10802,10802,10802,10802,10802,10802,
0,27,47,59,71,85,110,129,139,155,182,205,240,258,301,350,389,437,487,538,592,663,740,826,890,963,1037,1139,1246,1339,1447,1550,1675,1794,1904,2024,2146,2281,2445,2586,2724,2882,3012,3165,3321,3490,3658,3825,3981,4144,4298,4482,4664,4836,5003,5164,5345,5503,5670,5843,6004,6171,6316,6465,6609,6756,6893,7037,7163,7292,7431,7543,7656,7768,7885,7990,8085,8173,8265,8353,8453,8540,8640,8713,8792,8871,8924,8994,9056,9112,9162,9237,9275,9330,9370,9418,9466,9513,9555,9589,9614,9647,9684,9710,9740,9765,9798,9820,9842,9855,9876,9898,9920,9940,9953,9979,9992,10008,10024,10037,10048,10065,10077,10091,10103,10125,10140,10153,10166,10178,10192,10207,10220,10232,10240,10257,10269,10278,10286,10297,10312,10329,10345,10358,10367,10381,10390,10396,10403,10412,10419,10427,10429,10439,10449,10456,10460,10466,10471,10482,10485,10492,10496,10502,10507,10513,10516,10520,10524,10528,10530,10534,10536,10539,10540,10542,10545,10548,10549,10552,10558,10559,10562,10563,10565,10567,10569,10569,10569,10569,10570,10570,10572,10572,10573,10573,10574,10577,10578,10578,10579,10579,10579,10579,10580,10581,10583,10584,10584,10584,10584,10584,10584,10584,10584,10584,10584,10584,10584,10585,10585,10585,10585,10585,10587,10587,10587,10587,10588,10588,10589,10589,10589,10589,10589,10589,10590,10590,10590,10590,10590,10591,10591,10591,10591,10591,10591,10591,10592,10592,10592,10592,10592,10592,10592,10592,10592,10592,10592,10593,10593,10593,10593,10593,10593,10593,10593,10593,10593,10593,10593,10593,10593,
0,23,44,63,70,89,108,128,149,171,202,225,259,288,328,365,393,430,467,505,549,602,669,738,823,916,985,1068,1157,1260,1368,1490,1611,1725,1833,1958,2103,2244,2369,2521,2700,2863,3026,3197,3382,3545,3712,3908,4076,4239,4401,4563,4741,4914,5068,5226,5381,5549,5712,5872,6025,6211,6352,6513,6657,6816,6954,7075,7209,7339,7457,7586,7698,7798,7900,8006,8110,8200,8307,8386,8458,8555,8637,8697,8771,8846,8916,8983,9047,9113,9168,9223,9277,9320,9364,9393,9435,9479,9509,9551,9585,9616,9643,9686,9712,9752,9782,9811,9839,9856,9880,9906,9930,9958,9981,10005,10025,10042,10061,10079,10096,10113,10133,10151,10165,10183,10198,10217,10236,10250,10264,10277,10294,10308,10317,10330,10344,10357,10371,10374,10391,10402,10417,10428,10438,10448,10459,10465,10472,10487,10499,10505,10509,10514,10517,10527,10532,10538,10547,10554,10566,10569,10571,10574,10576,10579,10581,10584,10586,10588,10589,10592,10595,10597,10601,10603,10605,10610,10611,10616,10618,10620,10623,10623,10625,10627,10627,10627,10627,10629,10630,10632,10632,10632,10632,10632,10632,10633,10634,10635,10635,10636,10636,10636,10636,10636,10636,10636,10636,10636,10636,10636,10636,10636,10636,10636,10636,10636,10636,10636,10636,10636,10636,10636,10636,10636,10636,10636,10636,10636,10636,10636,10636,10636,10636,10636,10636,10636,10636,10636,10636,10636,10636,10636,10636,10636,10636,10636,10636,10636,10636,10636,10636,10636,10636,10636,10636,10637,10637,10637,10637,10637,10637,10637,10637,10637,10637,10637,10637,10637,10637,10637,10637,10637,10637,10637,10637,10637,10637,10637,10637,10637,10637,10637,10637,10637,10637,10637,10637,10637,10637,10637,10637,10637,10637,10637,10637,10637,10637,10637,10637,10637,10637,
0,32,46,58,70,90,103,114,125,143,157,171,188,204,235,266,294,326,354,393,428,472,503,558,610,688,749,823,894,984,1078,1166,1247,1353,1455,1551,1663,1774,1882,1993,2114,2225,2371,2497,2632,2778,2921,3093,3231,3366,3553,3711,3853,4002,4162,4305,4477,4632,4794,4938,5092,5225,5393,5554,5708,5837,5975,6114,6253,6381,6511,6641,6775,6903,7018,7129,7236,7356,7463,7560,7651,7751,7852,7951,8038,8128,8194,8271,8349,8414,8492,8550,8601,8677,8730,8776,8830,8883,8929,8970,9011,9053,9100,9129,9163,9195,9217,9244,9279,9304,9326,9353,9383,9405,9423,9438,9461,9478,9499,9507,9519,9536,9545,9562,9574,9587,9589,9596,9604,9612,9623,9636,9646,9653,9662,9666,9675,9681,9686,9691,9693,9697,9701,9704,9707,9712,9716,9721,9724,9727,9730,9732,9734,9736,9739,9740,9748,9752,9754,9756,9756,9756,9757,9760,9763,9766,9771,9773,9774,9777,9783,9785,9787,9789,9790,9792,9793,9793,9794,9795,9795,9796,9797,9797,9797,9798,9799,9800,9800,9801,9801,9802,9803,9805,9807,9808,9808,9808,9808,9808,9808,9808,9809,9809,9809,9809,9809,9809,9809,9809,9809,9809,9809,9809,9809,9809,9809,9809,9809,9809,9810,9810,9810,9810,9810,9810,9810,9810,9810,9810,9810,9810,9810,9810,9810,9810,9810,9810,9810,9810,9810,9810,9810,9810,9810,9810,9810,9810,9810,9810,9810,9810,9810,9810,9810,9810,9810,9810,9810,9810,9810,9810,9810,9810,9810,9810,9810,9810,9811,9811,9811,9811,9811,9811,9811,9811,9811,9811,9811,9811,9811,9811,9811,9811,9811,9811,9811,
0,35,48,65,80,98,117,130,149,167,194,220,243,267,308,338,371,426,475,518,583,639,733,793,875,947,1032,1123,1234,1345,1485,1587,1705,1828,1960,2082,2235,2371,2521,2671,2821,2989,3141,3313,3447,3587,3747,3928,4091,4247,4402,4581,4753,4933,5085,5240,5373,5515,5660,5797,5941,6116,6269,6403,6535,6673,6812,6944,7071,7190,7322,7434,7537,7644,7741,7839,7953,8039,8121,8197,8272,8364,8444,8503,8581,8645,8714,8778,8840,8889,8951,9003,9056,9109,9167,9211,9258,9296,9341,9368,9413,9466,9503,9539,9593,9630,9668,9712,9744,9773,9798,9831,9854,9875,9902,9928,9966,9982,10000,10016,10039,10063,10081,10105,10114,10131,10146,10156,10164,10172,10182,10192,10206,10215,10222,10227,10232,10239,10248,10258,10265,10267,10270,10276,10280,10285,10290,10296,10298,10305,10311,10311,10314,10320,10324,10327,10330,10337,10338,10343,10347,10350,10353,10354,10354,10357,10358,10360,10360,10365,10366,10366,10366,10366,10366,10367,10367,10369,10370,10370,10371,10372,10372,10373,10373,10373,10373,10373,10373,10374,10374,10374,10374,10374,10374,10374,10374,10376,10376,10376,10376,10376,10376,10376,10376,10376,10376,10376,10376,10376,10376,10376,10376,10376,10376,10376,10376,10376,10376,10376,10376,10376,10376,10376,10376,10376,10376,
0,32,47,57,68,80,90,102,122,138,156,186,221,246,279,308,337,374,417,449,495,540,589,627,685,745,817,900,981,1063,1176,1272,1407,1514,1627,1751,1885,1998,2142,2249,2394,2548,2703,2859,2994,3171,3335,3490,3644,3798,3988,4145,4303,4462,4637,4790,4958,5117,5282,5463,5618,5784,5937,6072,6228,6384,6534,6661,6797,6935,7044,7178,7314,7435,7545,7676,7769,7866,7962,8062,8162,8267,8352,8451,8529,8607,8671,8745,8808,8860,8907,8968,9014,9067,9116,9166,9213,9248,9287,9346,9379,9417,9452,9485,9516,9539,9567,9593,9610,9634,9651,9673,9690,9713,9740,9756,9773,9783,9795,9806,9818,9833,9841,9847,9858,9863,9869,9875,9875,9877,9880,9882,9886,9892,9896,9896,9899,9903,9904,9911,9913,9913,9918,9919,9920,9920,9924,9926,9926,9926,9927,9928,9929,9930,9931,9932,9933,9933,9933,9933,9934,9934,9934,9935,9936,9936,9936,9937,9937,9937,9937,9937,9938,9939,9939,9939,9939,9939,9941,9941,9941,9941,9942,9942,9942,9942,9942,9942,9942,9942,9942,9942,9942,9942,9942,9942,9942,9942,9943,9943,9943,9943,9943,9943,9943,9944,9944,9944,9944,9944,9944,9944,9944,9944,9944,9944,9944,9944,9944,9944,9944,9944,9944,9944,9944,9944,9944,9944,9944,9944,9944,9944,9944,9944,9944,9944,9944,9944,9944,9944,9944,9944,9944,9945,9945,9945,9945,9945,9945,9945,9945,9945,9945,9945,9945,9945,9945,
0,28,40,55,71,90,101,112,123,142,164,188,218,250,279,304,344,378,417,456,504,571,622,695,757,812,890,968,1047,1146,1220,1333,1438,1545,1665,1758,1881,1999,2157,2299,2460,2603,2744,2872,3016,3167,3311,3470,3602,3759,3896,4059,4241,4408,4549,4705,4873,5021,5186,5327,5475,5608,5753,5902,6044,6163,6310,6419,6549,6666,6770,6909,7025,7118,7228,7327,7417,7503,7583,7662,7745,7827,7896,7948,8002,8055,8104,8150,8200,8251,8300,8337,8378,8407,8444,8476,8513,8546,8581,8615,8648,8679,8703,8727,8761,8784,8811,8837,8857,8875,8897,8914,8946,8965,8987,9001,9013,9033,9043,9055,9071,9089,9103,9119,9137,9156,9170,9186,9198,9208,9215,9225,9233,9240,9251,9259,9268,9278,9284,9290,9296,9301,9303,9306,9312,9316,9321,9329,9332,9337,9340,9343,9344,9346,9353,9356,9360,9365,9365,9368,9369,9373,9377,9379,9383,9384,9384,9385,9385,9387,9388,9388,9389,9391,9391,9392,9392,9392,9392,9392,9393,9393,9393,9394,9394,9394,9394,9394,9394,9394,9394,9394,9394,9394,9395,9395,9395,9395,9395,9396,9396,9396,9396,9396,9396,9396,9397,9397,9398,9398,9398,9398,9398,9398,9398,9398,9398,9398,9398,9398,9398,9398,9398,9398,9398,9398,9398,9398,9398,9398,9398,9398,9398,9398,9398,9398,9398,9398,9398,9398,9398,9398,9398,9398,9398,9398,9398,9398,9398,9398,9398,9398,9398,9398,9398,9398,9398,9398,9398,9398,9398,9398,9398,9398,9398,
0,31,42,59,82,97,111,135,149,163,178,201,232,266,281,307,346,375,416,443,484,522,552,601,658,704,746,801,865,935,1003,1100,1186,1273,1366,1444,1544,1648,1747,1875,1992,2107,2213,2350,2474,2613,2739,2875,2980,3112,3240,3369,3513,3647,3758,3890,4041,4163,4290,4412,4566,4686,4820,4945,5112,5234,5371,5495,5632,5738,5847,5989,6098,6203,6300,6386,6486,6574,6663,6766,6863,6947,7025,7098,7176,7259,7342,7413,7496,7567,7628,7694,7754,7814,7870,7922,7976,8033,8077,8117,8159,8194,8248,8285,8317,8356,8379,8397,8429,8455,8486,8503,8531,8557,8581,8605,8621,8639,8656,8670,8683,8699,8713,8728,8741,8751,8767,8776,8788,8799,8809,8821,8828,8837,8845,8850,8859,8865,8869,8870,8877,8882,8893,8900,8906,8916,8918,8923,8929,8931,8933,8935,8935,8937,8938,8941,8945,8947,8951,8953,8953,8955,8957,8958,8958,8958,8959,8960,8962,8962,8963,8965,8967,8968,8969,8972,8972,8972,8973,8974,8974,8974,8974,8976,8976,8979,8981,8982,8983,8984,8984,8985,8986,8986,8986,8986,8986,8986,8986,8986,8986,8986,8987,8988,8988,8988,8988,8988,8988,8988,8988,8988,8988,8988,8988,8988,8988,8988,8988,8988,8988,8988,8989,8989,8989,8989,8989,8989,8989,8989,8989,8989,8989,8989,8989,8990,8990,
0,29,49,68,87,106,121,137,162,187,209,234,266,289,310,346,394,434,475,519,569,629,679,748,804,873,968,1046,1138,1228,1323,1416,1526,1638,1746,1852,2001,2138,2279,2424,2580,2718,2865,3040,3186,3331,3512,3668,3816,3981,4126,4285,4451,4606,4764,4919,5095,5257,5430,5565,5717,5866,6012,6185,6342,6467,6594,6765,6925,7064,7203,7327,7442,7571,7691,7811,7904,8006,8093,8184,8260,8339,8423,8512,8583,8659,8724,8803,8870,8936,8991,9042,9082,9122,9170,9214,9263,9303,9341,9371,9403,9434,9465,9491,9516,9537,9570,9598,9612,9633,9654,9672,9694,9706,9724,9738,9748,9762,9772,9781,9796,9802,9808,9811,9818,9821,9829,9835,9840,9842,9845,9853,9856,9866,9874,9880,9885,9892,9895,9898,9903,9908,9910,9918,9920,9921,9923,9924,9926,9926,9927,9929,9930,9932,9932,9933,9935,9937,9938,9939,9940,9941,9944,9945,9949,9951,9951,9952,9952,9952,9952,9952,9952,9952,9952,9952,9952,9952,9953,9953,9953,9953,9953,9953,9953,9954,9954,9954,9954,9954,9955,9955,9956,9956,9957,9957,9957,9957,9957,9957,9957,9957,9957,9957,9957,9957,9958,9958,9958,9958,9959,9959,9959,9959,9959,9959,9959,9959,9959,9959,9959,9959,9959,9959,9960,9960,9960,9960,9960,9960,9960,9960,9960,9960,9960,9960,9960,9960,9960,9960,9960,9960,9960,9960,9960,9960,9960,9960,9960,9960,9960,9960,9960,9960,9960,9960,9960,9960,9960,9960,9960,9960,9960,9960,9960,9960,9960,9960,9960,9960,9960,9960,9960,9960,9960,9960,9960,9960,9960,9960,9960,9960,9960,9960,9960,9960,9960,9960,9960,9960,9960,9960,9960,9960,9960,9960,9960,9960,9960,9960,9960,9960,
0,31,47,57,73,94,114,132,149,174,198,222,243,281,310,347,391,442,496,550,597,664,730,787,855,915,994,1081,1167,1242,1346,1452,1555,1680,1779,1913,2045,2166,2292,2424,2546,2669,2803,2953,3090,3230,3413,3593,3756,3936,4084,4243,4403,4572,4723,4880,5066,5236,5374,5525,5690,5857,6030,6187,6344,6501,6650,6806,6952,7110,7261,7386,7523,7637,7749,7880,7987,8099,8221,8315,8409,8518,8588,8653,8733,8796,8875,8933,8991,9045,9115,9176,9222,9263,9308,9358,9411,9454,9494,9538,9580,9616,9644,9677,9706,9739,9767,9787,9820,9839,9859,9886,9908,9927,9947,9967,9983,10001,10017,10021,10035,10046,10064,10074,10087,10094,10101,10109,10116,10122,10131,10135,10143,10153,10156,10160,10168,10172,10175,10181,10182,10185,10187,10190,10191,10193,10195,10201,10207,10209,10210,10215,10217,10218,10218,10218,10218,10218,10219,10219,10220,10224,10225,10225,10225,10226,10227,10228,10228,10228,10228,10230,10232,10233,10234,10234,10234,10234,10234,10235,10235,10236,10236,10236,10237,10237,10237,10237,10239,10239,10240,10240,10240,10241,10241,10241,10241,10241,10241,10241,10241,10241,10241,10244,10244,10244,10245,10245,10245,10246,10246,10246,10246,10246,10246,10246,10246,10246,10246,10246,10246,10246,10246,10246,10246,10246,10246,10248,10248,10248,10248,10248,10248,10248,10248,10248,10248,10248,10248,10248,10248,10248,10248,10248,10248,10248,10248,10248,10248,10248,10248,
0,34,55,72,93,109,126,148,170,196,224,254,288,321,368,420,474,523,578,664,728,809,895,1010,1116,1228,1322,1448,1599,1735,1870,2012,2159,2299,2464,2636,2782,2942,3112,3271,3472,3663,3822,3997,4173,4363,4534,4711,4879,5052,5231,5404,5567,5732,5874,6019,6182,6307,6460,6590,6732,6875,7009,7135,7245,7369,7488,7606,7720,7831,7946,8046,8157,8241,8336,8424,8505,8586,8690,8775,8839,8922,8999,9065,9139,9216,9278,9337,9385,9443,9499,9574,9633,9691,9751,9811,9871,9934,9987,10043,10079,10114,10151,10191,10232,10274,10309,10338,10377,10401,10438,10462,10495,10528,10562,10589,10626,10655,10673,10689,10707,10722,10737,10759,10776,10793,10812,10828,10844,10866,10879,10897,10912,10929,10946,10958,10966,10969,10980,10987,10994,10999,11007,11021,11026,11032,11040,11047,11051,11054,11057,11063,11069,11073,11078,11082,11086,11090,11094,11096,11103,11104,11106,11108,11112,11116,11117,11119,11122,11124,11125,11126,11127,11128,11129,11129,11130,11130,11130,11132,11132,11132,11132,11133,11134,11134,11135,11135,11135,11136,11136,11136,11136,11136,11136,11137,11137,11137,11137,11137,11137,11138,11138,11138,11138,11138,11138,11138,11138,11138,11138,11139,11139,11139,11139,11139,11139,11139,11139,11139,11139,11139,11139,11139,11139,11139,11139,11139,11139,11139,11139,11139,11139,11139,11139,11139,11139,11139,11139,11139,11139,11139,11139,11139,11139,11139,11139,11139,11139,11139,11139,11139,11139,11139,11139,11139,11139,11139,11139,11139,11139,11139,11139,11139,11139,11139,11139,11139,11139,11139,11139,11139,11139,11139,11139,11139,11139,11139,11139,11139,11139,11139,11139,11139,11139,11139,11139,11139,11139,11139,11139,11139,11139,11139,11139,11139,11139,11139,11139,11139,11139,11139,11139,11139,11139,11139,11139,11139,11139,11139,11139,11139,11139,11139,11139,11139,11139,11139,11139,11139,11139,11139,11139,11139,11139,11139,11139,11139,11139,11139,11139,11139,11139,11139,11139,11139,11139,11139,11139,11139,11139,11139,11139,11139,11139,11139,11139,11139,11139,11139,11139,11139,11139,11139,11139,11139,11139,11139,11139,11139,11139,11139,11139,11139,11139,11139,11139,11139,
0,32,56,63,80,95,120,140,159,183,210,239,264,303,331,371,417,459,493,560,613,669,746,819,914,991,1071,1152,1241,1344,1459,1581,1697,1814,1933,2056,2209,2334,2447,2576,2694,2828,2963,3113,3253,3395,3538,3667,3819,3961,4104,4247,4392,4552,4692,4832,4981,5159,5315,5489,5627,5775,5894,6037,6183,6313,6419,6556,6684,6812,6940,7049,7153,7265,7387,7508,7611,7716,7802,7909,7992,8082,8147,8226,8300,8375,8438,8489,8552,8602,8647,8693,8734,8781,8825,8860,8903,8932,8964,9006,9042,9069,9115,9145,9183,9226,9259,9289,9307,9331,9361,9382,9410,9433,9449,9473,9490,9501,9514,9530,9541,9557,9566,9586,9594,9611,9619,9632,9642,9647,9656,9666,9675,9678,9684,9688,9695,9697,9703,9708,9716,9726,9732,9735,9741,9750,9755,9758,9760,9762,9767,9769,9772,9774,9775,9780,9783,9784,9787,9787,9789,9789,9789,9789,9790,9792,9794,9794,9796,9799,9801,9801,9803,9805,9805,9805,9807,9808,9809,9812,9812,9812,9812,9814,9819,9819,9820,9821,9821,9821,9821,9823,9824,9824,9824,9825,9826,9826,9826,9826,9826,9826,9826,9826,9826,9826,9826,9826,9827,9827,9827,9827,9827,9827,9827,9827,9828,9828,9828,9828,9828,9828,9828,9828,9828,9828,9828,9828,9828,9828,9828,9828,9828,
0,34,53,74,92,101,117,137,159,190,213,236,258,291,317,347,372,420,463,503,549,593,634,698,742,788,858,918,989,1054,1130,1204,1297,1381,1458,1554,1671,1778,1902,2018,2132,2256,2379,2501,2626,2769,2909,3059,3225,3391,3543,3712,3875,4030,4194,4345,4503,4653,4800,4957,5106,5226,5368,5498,5628,5753,5888,6011,6132,6266,6365,6470,6579,6697,6782,6881,6986,7084,7180,7242,7329,7408,7469,7550,7611,7693,7759,7830,7898,7955,8013,8066,8116,8156,8200,8244,8281,8314,8365,8400,8440,8487,8521,8562,8598,8620,8645,8663,8691,8714,8742,8763,8781,8798,8815,8831,8846,8861,8870,8880,8900,8908,8922,8933,8939,8949,8960,8964,8972,8978,8986,8989,8994,8996,9002,9008,9012,9016,9021,9024,9026,9027,9030,9032,9035,9038,9042,9043,9045,9046,9052,9056,9057,9060,9062,9063,9063,9063,9063,9063,9064,9067,9069,9071,9074,9075,9075,9076,9076,9076,9076,9076,9076,9076,9076,9076,9076,9076,9076,9076,9076,9076,9076,9076,9076,9076,9076,9076,9076,9076,9076,9076,9076,9076,9076,9076,9076,9076,9076,9076,9076,9076,9077,9077,9077,9077,9077,9077,9077,9077,9077,9077,9077,9077,9077,9077,9077,9077,9077,9077,9077,9077,9077,9077,9077,9077,9077,9077,9077,9077,9077,9077,9077,9077,9077,9077,9077,9077,9077,9077,9077,9077,9077,9077,9077,9077,9077,
0,37,52,64,93,108,119,133,152,172,192,225,257,291,325,363,415,458,500,549,604,660,721,797,887,970,1061,1165,1286,1382,1477,1586,1706,1825,1942,2078,2214,2335,2488,2618,2782,2907,3062,3183,3344,3504,3674,3837,3990,4140,4309,4484,4637,4785,4930,5076,5215,5345,5479,5618,5768,5904,6038,6176,6303,6437,6569,6700,6830,6943,7057,7195,7289,7403,7497,7600,7679,7777,7864,7950,8044,8125,8187,8253,8302,8363,8431,8485,8530,8590,8638,8691,8748,8808,8854,8891,8925,8967,9006,9031,9056,9093,9119,9141,9165,9186,9202,9222,9244,9256,9274,9285,9300,9319,9330,9343,9351,9358,9370,9384,9396,9405,9411,9414,9422,9430,9437,9442,9449,9452,9456,9460,9463,9463,9467,9472,9475,9479,9482,9484,9486,9487,9488,9491,9494,9497,9498,9500,9501,9501,9502,9502,9504,9504,9508,9513,9513,9514,9515,9515,9516,9516,9516,9517,9518,9519,9519,9521,9522,9522,9522,9523,9523,9524,9524,9524,9524,9524,9524,9524,9524,9524,9524,9524,9524,9524,9524,9524,9524,9524,9524,9524,9524,9524,9524,9524,9524,9524,9524,9524,9524,9524,9524,9524,9524,9524,9524,9524,9524,9524,9524,9524,9524,9524,9524,9524,9524,9524,9524,9524,9524,9524,9524,9524,9524,9524,9524,9524,9524,9524,9524,9524,9524,9524,9524,9524,9524,9524,9524,9524,9524,9524,9524,9524,9524,9524,9524,9524,9524,9524,9524,
0,30,45,61,67,79,91,103,114,131,150,169,195,209,241,263,288,319,351,378,415,452,493,534,581,638,704,761,837,906,981,1069,1161,1254,1350,1450,1543,1652,1759,1869,1985,2117,2233,2382,2530,2661,2802,2936,3104,3259,3402,3562,3722,3918,4074,4225,4386,4564,4720,4902,5072,5237,5393,5539,5709,5834,5971,6116,6261,6406,6561,6704,6861,7002,7139,7266,7384,7518,7641,7739,7832,7947,8038,8155,8248,8348,8460,8551,8648,8728,8805,8894,8972,9045,9118,9181,9248,9322,9389,9440,9494,9551,9597,9647,9700,9740,9799,9853,9894,9933,9973,10014,10055,10092,10127,10157,10181,10209,10237,10268,10292,10315,10333,10356,10369,10390,10403,10417,10436,10454,10468,10483,10492,10500,10516,10525,10537,10547,10559,10572,10581,10584,10594,10596,10605,10613,10621,10625,10630,10634,10636,10639,10644,10651,10652,10658,10661,10665,10670,10672,10672,10675,10678,10680,10682,10685,10687,10687,10689,10689,10691,10691,10691,10693,10694,10695,10698,10700,10700,10701,10701,10703,10703,10705,10706,10706,10707,10709,10710,10711,10712,10712,10713,10713,10713,10713,10713,10714,10714,10714,10716,10717,10717,10717,10717,10717,10717,10717,10718,10718,10718,10718,10718,10718,10718,10718,10718,10718,10718,10718,10719,10719,10719,10719,10719,10719,10719,10719,10719,10719,10719,10719,10719,10720,10720,10721,10721,10721,10721,10721,10721,10721,10721,10721,10721,10722,10722,10723,10724,10724,10724,10724,10724,10724,10724,10724,10724,10724,10724,10724,10724,10724,10724,10724,10724,10724,10724,10724,10724,10724,10724,10724,10724,10724,10724,10724,10724,10724,10724,10724,10724,10724,10724,10724,10724,10724,10724,10724,10724,10724,10724,10724,
0,37,54,66,79,95,116,135,151,174,189,212,244,278,309,347,377,415,464,512,566,625,682,746,814,884,964,1042,1134,1245,1367,1465,1600,1735,1871,2001,2142,2285,2446,2600,2769,2924,3100,3267,3435,3621,3775,3950,4123,4297,4471,4642,4775,4925,5075,5244,5376,5529,5675,5812,5940,6076,6209,6324,6416,6530,6646,6773,6897,7011,7112,7197,7290,7369,7440,7513,7585,7666,7731,7800,7856,7931,7994,8055,8104,8167,8206,8267,8318,8365,8420,8455,8500,8540,8571,8597,8628,8661,8682,8720,8746,8770,8798,8826,8851,8872,8890,8908,8924,8941,8956,8970,8985,8995,9007,9017,9027,9039,9042,9050,9055,9057,9062,9074,9075,9082,9090,9098,9105,9108,9114,9121,9124,9126,9131,9134,9138,9138,9139,9141,9143,9144,9149,9149,9154,9156,9158,9160,9161,9163,9163,9166,9169,9169,9171,9173,9177,9178,9179,9180,9183,9185,9186,9187,9190,9192,9194,9194,9194,9195,9195,9195,9196,9196,9197,9197,9198,9199,9199,9199,9199,9199,9199,9199,9199,9199,9199,9199,9199,9199,9199,9199,9199,9199,9200,9200,9200,9200,9200,9200,9201,9201,9201,9201,9201,9201,9201,9201,9201,9201,9201,9201,9201,9201,9201,9201,9201,9201,9201,9201,9201,9201,9201,9201,9201,9201,9201,9201,9201,9201,9201,9201,9201,9201,9201,9201,9201,9201,9201,9201,9201,9201,9201,9201,9201,9201,
0,35,53,60,76,89,105,119,135,158,176,197,224,247,281,318,345,374,408,462,511,560,621,679,737,805,863,948,1032,1114,1208,1294,1383,1466,1584,1690,1816,1925,2034,2160,2292,2391,2523,2659,2790,2944,3091,3277,3437,3579,3739,3904,4043,4227,4407,4540,4707,4845,4993,5167,5318,5479,5652,5790,5948,6101,6236,6369,6501,6617,6760,6886,7002,7120,7238,7354,7469,7581,7684,7783,7873,7960,8042,8128,8205,8292,8369,8447,8529,8596,8656,8718,8774,8839,8895,8938,8992,9037,9074,9122,9169,9204,9238,9271,9299,9330,9356,9384,9402,9427,9449,9465,9481,9496,9515,9535,9550,9564,9582,9593,9599,9608,9630,9637,9652,9661,9668,9680,9687,9695,9707,9716,9723,9728,9731,9735,9744,9746,9749,9750,9754,9755,9759,9763,9765,9766,9767,9769,9771,9773,9774,9774,9776,9776,9776,9778,9780,9782,9782,9782,9783,9783,9783,9784,9784,9785,9785,9785,9787,9787,9787,9787,9788,9788,9789,9789,9790,9790,9790,9790,9790,9791,9791,9791,9791,9791,9792,9793,9793,9795,9796,9796,9796,9796,9796,9796,9796,9796,9796,9796,9796,9796,9796,9796,9796,9796,9796,9796,9796,9796,9796,9796,9796,9796,9797,9797,9798,
0,26,42,56,67,72,92,112,127,154,181,208,238,261,294,329,376,425,477,528,584,645,711,798,882,960,1054,1148,1260,1374,1482,1613,1740,1878,2036,2167,2354,2496,2671,2871,3048,3216,3394,3579,3788,3984,4184,4386,4572,4766,4978,5181,5373,5537,5703,5887,6040,6220,6383,6554,6722,6886,7035,7192,7317,7459,7576,7705,7810,7914,8021,8127,8241,8333,8444,8558,8659,8750,8838,8921,9000,9076,9135,9202,9268,9341,9406,9457,9506,9554,9593,9643,9692,9735,9777,9818,9855,9890,9927,9962,9993,10029,10060,10088,10119,10140,10167,10187,10206,10227,10244,10270,10292,10316,10328,10341,10354,10372,10382,10393,10402,10414,10433,10443,10462,10473,10484,10491,10502,10513,10525,10531,10538,10544,10551,10559,10565,10578,10589,10596,10601,10608,10619,10623,10629,10634,10643,10651,10664,10668,10673,10678,10682,10684,10690,10696,10702,10705,10707,10711,10714,10722,10728,10732,10735,10742,10745,10747,10750,10752,10754,10755,10755,10756,10760,10766,10769,10774,10774,10775,10775,10778,10779,10781,10781,10784,10787,10787,10788,10788,10789,10789,10789,10792,10794,10797,10798,10798,10798,10798,10798,10798,10799,10799,10799,10799,10799,10799,10799,10801,10802,10802,10802,10804,10805,10806,10806,10806,10806,10806,10806,10806,10807,10807,10807,10808,10809,10809,10810,10810,10811,10811,10811,10811,10811,10811,10812,10812,10812,10812,10812,10812,10812,10812,10813,10813,10813,10813,10813,10813,10813,10813,10813,10813,10813,10813,10813,10813,10813,10813,10813,10813,10813,10813,10813,10813,10813,10813,10813,10813,10813,10813,10813,10813,
0,30,45,57,71,83,94,112,135,153,173,198,232,262,300,325,379,419,465,504,565,616,688,764,835,913,994,1091,1191,1286,1378,1483,1602,1726,1859,2000,2154,2302,2463,2600,2753,2921,3089,3265,3432,3619,3792,3942,4113,4298,4476,4669,4860,5029,5221,5419,5606,5782,5937,6114,6257,6420,6569,6736,6889,7061,7212,7365,7505,7637,7769,7908,8035,8163,8286,8410,8503,8624,8735,8843,8920,9015,9118,9212,9299,9374,9463,9538,9614,9678,9733,9792,9853,9905,9966,10018,10077,10122,10166,10202,10230,10260,10290,10322,10356,10385,10403,10436,10456,10487,10504,10521,10551,10574,10595,10616,10640,10657,10675,10691,10705,10726,10735,10747,10764,10786,10806,10821,10840,10856,10871,10881,10892,10901,10910,10922,10930,10941,10952,10956,10963,10968,10975,10984,10987,10996,11006,11012,11019,11023,11028,11033,11036,11037,11040,11042,11042,11043,11045,11050,11054,11058,11061,11063,11069,11072,11072,11073,11075,11077,11080,11085,11087,11089,11092,11093,11093,11095,11098,11099,11100,11104,11105,11107,11109,11110,11111,11112,11113,11116,11116,11117,11119,11119,11122,11124,11124,11125,11126,11126,11126,11126,11127,11130,11131,11131,11131,11131,11131,11131,11132,11134,11135,11137,11137,11137,11138,11138,11139,11139,11139,11139,11139,11139,11139,11139,11139,11139,11139,11139,11139,11139,11139,11139,11139,11139,11139,11139,11139,11139,11139,11139,11139,11139,11139,11139,11139,11139,11139,11139,11139,
0,28,41,60,74,90,103,116,141,165,194,214,239,270,298,322,353,394,442,477,528,576,632,699,765,834,902,979,1062,1143,1243,1345,1440,1554,1672,1784,1918,2032,2172,2298,2438,2555,2734,2876,3014,3169,3320,3453,3597,3748,3890,4035,4169,4327,4477,4617,4748,4894,5040,5178,5312,5451,5567,5686,5816,5943,6062,6176,6300,6399,6508,6616,6732,6837,6927,7017,7129,7235,7338,7439,7537,7628,7710,7798,7878,7952,8025,8100,8180,8252,8322,8394,8457,8508,8575,8634,8692,8741,8783,8827,8877,8924,8968,9023,9059,9101,9134,9162,9201,9229,9263,9290,9311,9336,9356,9377,9396,9417,9434,9452,9470,9488,9508,9527,9542,9555,9578,9597,9602,9616,9629,9636,9652,9660,9670,9684,9693,9703,9711,9720,9726,9732,9741,9750,9757,9766,9773,9776,9780,9783,9787,9793,9794,9797,9802,9808,9811,9813,9816,9816,9819,9827,9830,9831,9832,9833,9835,9839,9840,9844,9844,9845,9846,9848,9850,9853,9854,9856,9858,9859,9861,9861,9861,9861,9861,9861,9864,9867,9867,9867,9867,9867,9868,9869,9869,9870,9871,9871,9872,9873,9874,9874,9874,9874,9874,9875,9875,9875,9875,9875,9876,9876,9877,9877,9877,9877,9877,9877,9877,9877,9877,9877,9877,9877,9877,9877,9877,9877,9877,9877,9877,9877,9877,9877,9877,9877,9877,9877,9877,9877,9877,9877,9877,9877,9877,9877,9877,9877,9877,9877,9877,9877,9877,9877,9877,9877,9877,9877,9877,9877,9877,9877,9877,9877,9877,9877,9877,9877,9877,9877,9877,9877,9877,9877,9877,9877,9877,9877,9877,9877,9877,9877,9877,9877,9877,9877,9877,9877,9877,9877,
0,29,45,60,76,85,98,118,141,167,181,198,222,248,279,304,339,376,413,453,492,549,590,630,693,765,825,892,956,1012,1083,1183,1256,1332,1409,1524,1639,1730,1839,1957,2095,2231,2349,2486,2617,2746,2897,3026,3154,3291,3452,3605,3740,3888,4052,4192,4365,4538,4694,4843,4987,5135,5270,5396,5535,5674,5811,5919,6038,6147,6249,6366,6468,6575,6676,6801,6905,7001,7097,7181,7259,7343,7419,7512,7582,7648,7709,7761,7816,7873,7931,7991,8050,8098,8150,8189,8227,8273,8312,8352,8387,8438,8476,8522,8567,8597,8626,8647,8677,8705,8731,8759,8787,8812,8847,8884,8912,8926,8946,8956,8971,8984,8997,9014,9026,9040,9060,9072,9086,9097,9108,9126,9135,9144,9150,9156,9162,9163,9167,9175,9182,9188,9195,9198,9202,9205,9211,9214,9215,9219,9222,9226,9230,9232,9235,9238,9241,9243,9244,9246,9248,9248,9250,9250,9251,9252,9252,9252,9252,9254,9255,9256,9256,9256,9257,9257,9257,9257,9257,9258,9258,9258,9258,9258,9258,9258,9259,9260,9260,9260,9260,9260,9260,9260,9260,9261,9261,9261,9261,9261,9261,9261,9261,9261,9261,9262,9263,9263,9263,9263,9263,9263,9263,9263,9263,9263,9263,9263,9263,9263,9263,9263,9263,9263,9263,9263,9263,9263,9263,9263,9263,9263,9263,9263,9263,9263,
0,33,45,59,67,82,93,107,123,142,163,179,208,237,267,318,342,372,411,447,494,548,605,667,716,785,867,932,1027,1118,1205,1304,1395,1519,1614,1757,1888,2023,2156,2301,2444,2610,2765,2925,3108,3280,3449,3615,3786,3966,4176,4340,4521,4691,4853,5024,5194,5381,5564,5751,5940,6097,6278,6455,6622,6784,6933,7085,7228,7381,7514,7644,7785,7914,8019,8128,8248,8349,8457,8556,8635,8729,8815,8894,8963,9044,9121,9179,9250,9315,9375,9433,9488,9541,9597,9655,9698,9738,9786,9825,9864,9900,9947,9984,10012,10049,10088,10122,10140,10168,10195,10215,10244,10267,10282,10301,10321,10338,10358,10369,10385,10402,10418,10426,10438,10457,10469,10478,10481,10487,10493,10500,10508,10512,10517,10519,10524,10528,10532,10535,10540,10545,10551,10553,10556,10558,10561,10563,10565,10568,10571,10576,10581,10581,10581,10582,10582,10582,10582,10584,10584,10584,10585,10586,10586,10587,10588,10588,10589,10591,10591,10591,10591,10592,10594,10594,10594,10594,10594,10594,10594,10594,10595,10595,10595,10595,10595,10596,10597,10597,10597,10597,10597,10597,10597,10597,10597,10597,10597,10597,10597,10597,10598,10598,10598,10599,10599,10599,10599,10599,10599,10599,10599,10599,10599,10599,10599,10599,10599,10599,10599,10599,10599,10599,10599,10599,10599,10599,10599,10599,10599,10599,10599,10599,10599,10599,10599,10599,10599,10599,10599,10599,10599,10599,10599,10599,10599,10599,10599,10599,10599,10599,10599,10599,10599,10599,10599,10599,10599,10599,10599,10599,10599,10599,10599,10599,10599,10599,10599,10599,10599,10599,
0,29,36,49,68,79,101,126,135,165,192,215,237,266,290,330,365,414,470,510,561,606,673,741,799,885,965,1068,1162,1242,1347,1463,1563,1678,1789,1910,2037,2161,2283,2447,2587,2756,2947,3106,3270,3419,3582,3762,3936,4106,4273,4460,4650,4831,4978,5135,5298,5462,5619,5764,5916,6038,6162,6284,6389,6511,6638,6764,6874,6992,7091,7194,7295,7376,7470,7540,7619,7695,7757,7836,7902,7977,8044,8093,8147,8202,8252,8298,8342,8386,8430,8481,8520,8566,8602,8633,8664,8699,8738,8771,8796,8828,8850,8874,8892,8923,8945,8967,8981,9003,9017,9031,9047,9067,9084,9102,9115,9122,9133,9146,9155,9168,9182,9188,9201,9218,9226,9233,9243,9254,9257,9265,9272,9278,9280,9284,9287,9290,9291,9298,9300,9305,9305,9307,9309,9313,9314,9319,9322,9323,9327,9328,9329,9329,9331,9332,9333,9334,9335,9336,9338,9338,9338,9339,9340,9340,9341,9341,9341,9342,9342,9344,9345,9346,9346,9346,9348,9350,9351,9352,9352,9356,9357,9358,9360,9362,9362,9362,9362,9363,9363,9364,9366,9366,9366,9366,9366,9368,9368,9368,9368,9368,9368,9368,9368,9368,9368,9368,9368,9368,9370,9371,9371,9371,9372,9372,9372,9372,9372,9372,9372,9372,9372,9372,9372,9372,9373,9373,9373,9373,9373,9373,9373,9373,9373,9373,9373,9373,9373,9373,9373,9373,9373,9373,9373,9373,9373,9373,9373,9373,9373,9373,9373,9373,9373,9373,9373,9373,9373,9373,9373,9373,9373,9373,9373,9373,9373,9373,9373,9374,9374,9374,9374,9374,9374,9374,9374,9374,
0,30,46,56,75,86,99,126,154,176,214,240,270,299,332,368,409,450,491,549,599,649,710,777,837,928,1018,1098,1201,1298,1413,1525,1644,1771,1925,2073,2180,2347,2497,2663,2807,2981,3141,3297,3462,3621,3800,3961,4150,4324,4498,4661,4848,5010,5173,5341,5511,5661,5813,5989,6150,6314,6465,6607,6735,6855,6978,7114,7252,7377,7489,7618,7738,7807,7911,8017,8110,8193,8278,8348,8415,8486,8557,8629,8702,8758,8801,8843,8890,8931,8982,9019,9046,9086,9114,9143,9161,9194,9218,9234,9256,9276,9301,9324,9338,9354,9372,9392,9412,9427,9442,9456,9467,9481,9493,9505,9513,9524,9531,9536,9541,9543,9550,9556,9559,9566,9575,9578,9585,9588,9591,9595,9599,9603,9603,9604,9607,9608,9609,9614,9616,9619,9622,9622,9626,9627,9627,9629,9631,9632,9633,9634,9635,9636,9637,9638,9638,9638,9639,9639,9639,9639,9640,9641,9641,9641,9643,9644,9644,9645,9646,9646,9647,9647,9648,9648,9648,9648,9648,9648,9648,9648,9648,9648,9648,9649,9649,9650,9650,9651,9651,9652,9652,9652,9652,9652,9652,9652,9652,9652,9652,9652,
0,31,47,56,74,91,108,130,146,173,205,224,259,287,323,353,394,442,492,557,623,682,760,824,908,1005,1091,1185,1299,1385,1502,1621,1746,1863,1986,2101,2224,2353,2514,2649,2784,2933,3078,3234,3368,3520,3692,3846,4006,4160,4288,4437,4567,4700,4832,4967,5092,5231,5356,5475,5591,5694,5806,5922,6040,6153,6273,6364,6455,6541,6632,6724,6810,6885,6973,7059,7135,7215,7281,7350,7403,7457,7516,7566,7619,7672,7714,7762,7810,7856,7890,7920,7963,8002,8039,8075,8112,8149,8179,8198,8240,8267,8287,8305,8330,8346,8367,8385,8408,8431,8448,8467,8483,8502,8508,8516,8529,8542,8553,8565,8577,8586,8600,8607,8615,8623,8631,8637,8645,8649,8652,8658,8662,8665,8669,8673,8677,8683,8683,8685,8687,8689,8693,8694,8694,8696,8699,8702,8705,8706,8706,8706,8707,8707,8708,8710,8711,8712,8714,8716,8719,8720,8720,8720,8721,8721,8723,8723,8725,8725,8726,8726,8726,8727,8728,8728,8729,8729,8729,8729,8729,8729,8729,8729,8729,8729,8729,8729,8729,8729,8729,8729,8729,8729,8729,8729,8729,8729,8729,8729,8729,8729,8729,8729,8730,8730,8730,8730,8731,8731,8731,8731,8731,8731,8731,8731,8731,8731,8732,8732,8732,8732,8732,8733,8733,8733,8733,8733,8733,8733,8733,8733,8733,8733,8733,8733,8733,8733,8733,8733,8733,8733,8733,8733,8733,8733,8733,8733,8733,8733,8733,8733,8733,8733,8733,8733,8733,8733,8733,8733,8733,8733,8733,8733,8733,8733,8733,8733,8733,
0,23,36,52,70,83,94,112,140,166,190,225,256,279,301,339,372,416,466,518,569,616,687,759,828,918,1012,1079,1165,1255,1375,1467,1576,1718,1841,1977,2127,2288,2456,2636,2784,2953,3150,3326,3495,3667,3846,4026,4214,4370,4550,4718,4890,5069,5255,5422,5587,5746,5914,6054,6201,6373,6537,6676,6821,6952,7059,7187,7317,7441,7556,7674,7782,7881,7983,8062,8137,8218,8310,8389,8471,8551,8621,8706,8775,8852,8924,8980,9031,9092,9149,9195,9234,9286,9321,9356,9398,9440,9486,9521,9560,9587,9611,9640,9668,9703,9729,9756,9773,9806,9833,9851,9869,9891,9906,9916,9930,9940,9957,9967,9974,9978,9983,9991,10006,10009,10015,10023,10030,10033,10045,10049,10061,10065,10073,10077,10081,10084,10088,10095,10099,10100,10103,10108,10115,10117,10120,10123,10126,10133,10138,10141,10142,10144,10145,10147,10148,10149,10151,10152,10154,10156,10158,10159,10162,10162,10162,10162,10162,10163,10164,10167,10169,10170,10170,10170,10171,10171,10171,10171,10171,10172,10173,10173,10174,10175,10176,10176,10179,10180,10180,10180,10180,10180,10180,10180,10181,10181,10181,10183,10183,10183,10183,10183,10183,10183,10183,10183,10183,10183,10183,10183,10183,10183,10183,10183,10183,10183,10183,10183,10183,10183,10183,10183,10183,10183,10183,10183,10183,10184,10184,10184,10184,10184,10184,10184,10184,10184,10184,10184,10184,
0,30,48,58,70,87,105,127,147,173,199,222,251,272,312,353,409,448,489,548,591,661,735,804,879,962,1049,1126,1221,1317,1398,1495,1613,1730,1874,2007,2128,2285,2431,2580,2756,2897,3061,3231,3395,3571,3721,3934,4104,4276,4465,4683,4849,5025,5204,5384,5551,5708,5871,6029,6178,6355,6511,6641,6795,6929,7075,7200,7346,7477,7595,7720,7820,7913,8019,8128,8229,8317,8428,8514,8594,8658,8726,8794,8859,8929,8999,9071,9119,9169,9218,9268,9319,9367,9412,9447,9494,9526,9565,9601,9633,9662,9697,9716,9737,9770,9791,9824,9840,9851,9868,9882,9899,9916,9932,9948,9969,9978,9991,10001,10013,10029,10041,10047,10061,10072,10083,10089,10094,10096,10101,10103,10110,10114,10117,10119,10128,10129,10131,10139,10146,10151,10154,10157,10159,10164,10166,10170,10172,10180,10182,10186,10188,10188,10191,10193,10194,10195,10196,10196,10197,10198,10199,10199,10203,10205,10206,10209,10210,10214,10215,10217,10218,10218,10220,10220,10222,10223,10223,10224,10226,10229,10230,10232,10232,10232,10232,10232,10233,10234,10234,10234,10235,10236,10237,10237,10239,10240,10244,10244,10245,10245,10246,10247,10247,10247,10247,10248,10248,10248,10248,10248,10248,10248,10249,10249,10249,10250,10250,10250,10250,10250,10250,10250,10250,10250,10250,10250,10251,10251,10251,10251,10251,10251,10251,10251,10251,10251,10251,10251,10251,10251,10251,10251,10251,10251,10251,10251,10251,10251,10251,10251,10251,10251,10251,10251,10251,10251,10251,10251,10251,10251,10251,10251,10251,10251,10251,10251,10251,10251,10251,10251,10251,
0,27,38,53,70,87,107,121,144,166,188,212,244,266,294,332,368,412,453,488,544,591,645,701,767,835,909,1002,1090,1185,1281,1368,1497,1610,1708,1830,1964,2110,2258,2402,2545,2685,2808,2954,3113,3276,3441,3598,3768,3925,4084,4258,4426,4594,4760,4948,5107,5266,5449,5615,5763,5928,6076,6223,6401,6542,6691,6827,6961,7072,7176,7319,7422,7528,7643,7747,7860,7945,8036,8134,8209,8295,8398,8493,8564,8651,8728,8804,8865,8923,8977,9028,9083,9129,9185,9220,9263,9296,9330,9366,9404,9452,9487,9533,9576,9614,9649,9699,9734,9762,9789,9816,9844,9872,9903,9929,9954,9972,9998,10015,10032,10047,10068,10076,10098,10122,10139,10149,10163,10174,10184,10194,10207,10221,10229,10238,10246,10254,10265,10270,10280,10281,10286,10292,10295,10298,10301,10302,10305,10312,10316,10319,10321,10323,10325,10326,10327,10329,10331,10332,10334,10335,10337,10338,10338,10338,10339,10340,10340,10340,10340,10341,10342,10342,10342,10343,10343,10344,10346,10346,10346,10346,10346,10346,10346,10346,10346,10346,10346,10346,10346,10346,10346,10346,10346,10346,10346,10347,10347,10347,10349,10349,10349,10349,10349,10349,10349,10349,10349,10349,10350,10350,10350,10350,10350,10350,10350,10350,10350,10350,10350,10350,10350,10350,10350,10350,10350,10350,10350,10350,10350,10350,10350,10350,10350,10350,10350,10351,10351,10351,10351,10351,10351,10351,10351,10351,10351,10351,10351,10351,10351,10351,10351,10351,10351,10351,10351,10351,10351,10351,10351,10351,10351,10351,10351,10351,10351,10351,10351,10351,10351,10351,10351,10351,10351,10351,10351,10351,10351,10351,10351,10351,10351,10351,10351,10351,10351,10351,10351,
0,22,40,54,67,79,95,116,141,169,201,225,268,300,344,382,434,480,542,603,646,697,761,828,905,988,1094,1183,1277,1353,1457,1553,1695,1839,1966,2099,2242,2392,2549,2711,2861,3012,3187,3341,3511,3687,3874,4047,4216,4374,4574,4765,4938,5119,5298,5455,5634,5802,5963,6134,6294,6482,6662,6803,6943,7096,7254,7391,7523,7658,7796,7923,8040,8157,8266,8365,8483,8588,8680,8779,8870,8964,9039,9136,9214,9282,9350,9411,9483,9544,9603,9687,9751,9812,9865,9905,9965,10010,10049,10080,10108,10148,10189,10226,10268,10306,10340,10362,10393,10424,10439,10461,10487,10503,10528,10543,10557,10568,10584,10602,10624,10645,10663,10677,10687,10697,10712,10718,10729,10739,10754,10761,10766,10776,10783,10790,10795,10803,10810,10816,10818,10823,10829,10833,10838,10841,10843,10846,10851,10852,10853,10855,10857,10858,10859,10863,10865,10867,10870,10872,10874,10875,10876,10878,10879,10881,10882,10883,10883,10883,10885,10886,10886,10887,10888,10888,10889,10892,10894,10895,10897,10897,10897,10898,10899,10899,10902,10903,10903,10903,10904,10906,10908,10908,10910,10910,10910,10911,10911,10911,10911,10912,10912,10912,10912,10912,10912,10912,10913,10913,10913,10913,10913,10913,10913,10913,10913,10914,10914,10914,10914,10914,10915,10915,10915,10915,10915,10915,10915,10915,10915,10915,10915,10915,10915,10915,10915,10915,10915,10915,10915,10915,10915,10915,10915,10915,10915,10915,10915,10915,10915,10915,10915,10915,10915,10915,10915,10915,10915,10915,10916,10916,10916,10916,10916,10916,10916,10916,10916,10916,10916,10916,10916,10916,10916,10916,10916,10916,10916,10916,10916,10917,10917,10917,10917,10917,10917,10917,10917,10917,10917,10917,10917,10917,10917,10917,10917,10917,10917,10917,10917,10917,10917,10917,10917,10917,10917,10917,10917,10917,10917,10917,10917,10917,10917,10917,10917,10917,10917,10917,10917,10917,10917,10917,10917,10917,10917,10917,10917,10917,10917,10917,10917,10917,10917,
0,28,51,60,72,92,113,129,147,167,189,222,257,303,334,365,408,457,509,569,626,685,749,841,930,1017,1129,1222,1319,1423,1531,1673,1801,1939,2080,2238,2397,2562,2724,2921,3097,3284,3474,3680,3859,4064,4228,4399,4569,4765,4933,5128,5314,5509,5699,5880,6034,6183,6323,6482,6629,6754,6874,7012,7124,7252,7375,7484,7600,7703,7781,7876,7969,8059,8146,8226,8297,8360,8435,8531,8588,8652,8706,8763,8810,8867,8926,8972,9008,9057,9108,9140,9179,9217,9250,9292,9336,9375,9400,9437,9462,9488,9510,9532,9557,9583,9603,9626,9644,9666,9686,9699,9717,9731,9742,9750,9765,9775,9783,9792,9798,9808,9814,9819,9827,9835,9841,9847,9859,9866,9870,9877,9885,9887,9891,9893,9896,9899,9901,9902,9907,9911,9915,9917,9917,9920,9923,9926,9927,9929,9931,9933,9934,9935,9936,9938,9938,9938,9939,9940,9941,9941,9943,9944,9946,9949,9951,9952,9952,9953,9954,9954,9955,9955,9958,9958,9959,9959,9959,9959,9960,9960,9960,9963,9963,9964,9964,9964,9966,9966,9966,9966,9966,9967,9967,9967,9968,9969,9969,9969,9969,9969,9969,9969,9969,9969,9969,9969,9969,9969,9969,9969,9969,9969,9969,9970,9970,9970,9970,9970,9970,9970,9970,9970,9970,9970,9970,9970,9970,9970,9970,9970,9970,9970,9970,9970,9970,9970,9970,9970,9970,9970,
